      89    1006    1801      21       2     254     175     928     784       4    3421    1050     774    1486       5    5101      83    1516     266      11       4      30     476      57    1162     883       9       8    8848   24430   85215   38899   46233  229831    9032  282154  193698   87859  100298  196994  160962      11   53524   58636     498  254539  117680  237481  222421       3  162548      76  281260  243824  209312      74   25324   58946  105648
      19     209     139      21       2      17      49     179     388       4     660     574     198     769       5    1621      40     604      59      11       4      30      56      57     202     302       9       8    2266    7953   34973   14209   14980   87547    3427  108089   67636   35727   36463   76001   67055      11   21658   21925      30  107551   37059  103946   74442       3   54076      76  107616   94340   71950      74    6540   18054   38153
      13     316     262      12       2      40      63     309     511       4    1230     712     320    1038       5    2332      49     847      99      11       4      20      77      39     387     448       9       8    3287    9954   38467   16517   17304   93142    4364  114706   72877   39455   40103   81588   72214      11   24555   24343     115  114182   40711  110368   79678       3   58872      41  114053  100444   77450      18    7907   20554   42066
      13     209     139      12       2      17      49     179     388       4     660     574     198     769       5    1621      40     604      58      11       4      20      56      39     202     302       9       8    2266    7953   34973   14209   14980   87547    3427  108089   67636   35727   36463   76001   67055      11   21658   21925      30  107551   37059  103946   74442       3   54076      41  107616   94340   71950      18    6540   18054   38153
      

      13     209     139      12       2      17      49     179     388       4     660     574     198     769       5    1621      40     604      58      11       4      20      56      39     202     302       9       8  311482  727736  834825  628049  366365  624836  428706    9221  589139  659217  521570  440918  204652  158021  447477  678362  755436   94161   63192  685995     292   61729    8526
      13     209     139      12       2      17      49     179     388       4     660     574     198     769       5    1621      40     604      58      11       4      20      56      39     202     302       9       8  311482  727736  834825  628049  366365  624836  428706    9221  589139  659217  521570  440918  204652  158021  447477  678362  755436   94161   63192  685995     292   61729    8526      
      13     209     139      12       2      17      49     179     388       4     660     574     198     769       5    1621      40     604      58      11       4      20      56      39     202     302       9       8  311482  727736  834825  628049  366365  624836  428706    9221  589139  659217  521570  440918  204652  158021  447477  678362  755436   94161   63192  685995     292   61729    8526
      90    1047    1053      13       2     179     277     105     300       4    2272     958     168     798       5    3477      55     977     265      11       4      20      56      52     327     498       9       8  448630  980165 1234182 1041369  500715  849283  693957   15064  729345 1150254  843668  578358  274642  260737  742121 1025105 1065552  137897   96141  889553    2089   96118   19269
      80    1047     931      13       2     179     271     613     682       4    2272     931     545    1054       5    4232      96    1017     221      11       4      30     451      52     626     937       9       8  320139  734676  848776  637363  377368  639079  438174   13190  598406  668611  532881  450952  215064  166155  457547  688197  765692  103518   70118  696301    2717   67935   15335      