9327
45 14 49 27 37 51 57 56 94 52 34 10 89 40 30 65 58 73 47 56 34 55 14 18 36 73 74 45 29 3 30 30 14 86 96 24 7 77 49 15 75
80 78 85 23 44 88 13 89 51 92 64 73 5 47 93 39 48 30 8 24 33 34 36 16 2 93 63 45 48 65 15 9 68 42 70 38 42 52 6 66 17 19
11 27 64 27 50 85 59 56 81 27 93 94 73 77 89 54 87 91 74 33 47 16 1 59 38 34 44 48 68 1 66 55 58 59 38 68 34 78 75 60 5
70 17 36 73 27 51 75 94 79 90 88 67 60 95 20 33 96 92 61 91 54 51 25 24 90 64 75 12 31 86 10 91 24 46 45 36 36 53 34 1
66 75 71 55 22 48 77 54 43 55 79 87 90 46 96 55 87 46 47 51 38 40 47 5 26 16 69 67 62 50 49 47 82 35 31 7 12 95 54 34 16
49 2 93 47 10 64 44 79 84 42 69 84 44 62 68 79 35 63 88 96 10 99 30 75 68 29 44 95 45 16 77 59 2 41 35 86 96 53 22 34 2
82 37 13 26 59 68 20 19 17 1 1 74 45 47 16 68 28 80 35 92 74 46 75 46 26 79 71 99 88 83 3 68 72 88 70 62 7 76 68 24 5 33
71 62 78 29 2 65 75 5 33 39 32 34 76 69 63 68 2 52 87 32 82 1 64 52 65 54 49 93 40 42 36 16 25 65 2 5 28 24 5 62 71 11
74 57 19 31 52 98 36 86 85 36 56 51 5 62 56 23 5 90 95 81 57 90 7 35 5 75 99 13 11 95 87 15 45 74 24 39 83 50 27 97 11
20 29 81 21 87 49 11 99 64 98 52 70 24 93 8 7 66 51 64 20 9 75 8 16 78 74 47 30 30 40 50 19 84 4 78 58 18 33 1 68 15 68
65 1 84 50 89 57 92 34 53 78 70 29 9 43 69 17 45 38 88 76 56 96 11 58 95 61 51 17 86 83 26 26 14 71 64 84 94 46 30 91 76
11 40 55 38 23 34 39 98 59 95 41 92 90 43 98 40 26 14 91 1 24 58 48 21 40 51 6 66 75 91 96 44 40 89 87 100 83 30 77 15
77 26 20 29 26 1 73 61 24 44 25 74 63 7 60 24 79 57 84 61 79 17 97 27 57 3 7 58 7 57 78 50 75 83 22 15 54 28 66 71 4 11
62 78 85 17 93 76 38 50 74 99 22 88 59 59 18 69 33 65 71 90 71 8 11 50 69 55 33 62 42 67 63 25 53 45 81 19 65 89 23 38 8
29 100 66 26 94 98 32 11 76 92 98 55 73 59 93 35 9 56 39 20 12 54 60 4 41 80 21 37 23 79 49 82 3 33 73 17 30 7 62 99 79
97 84 95 89 23 54 58 27 33 41 9 81 12 10 42 61 92 57 48 38 81 24 12 36 50 33 92 80 23 32 44 71 58 45 78 64 85 27 56 51
67 46 16 78 99 99 50 62 51 5 6 37 75 54 58 60 2 32 25 60 27 91 30 55 36 9 38 29 83 30 16 73 70 42 14 82 41 69 38 78 16
25 40 70 43 79 40 72 10 48 9 74 18 66 12 72 2 56 23 22 7 62 93 24 94 47 87 3 72 1 57 36 16 31 70 76 98 23 71 67 48 97 50
10 21 49 32 9 56 89 2 17 23 3 77 4 84 15 78 59 64 44 59 85 58 57 59 42 60 6 17 57 62 1 44 52 77 72 29 59 42 61 51 92 43
62 67 34 55 82 75 27 31 61 15 32 30 15 92 89 69 29 91 15 28 62 54 80 76 59 7 28 93 47 81 29 41 45 18 73 88 85 43 59 3 63
7 34 20 23 8 98 72 38 61 52 28 24 61 97 22 11 18 51 68 16 96 13 19 82 48 1 5 64 90 23 85 8 34 22 25 91 40 83 6 31 52 53
36 36 5 5 49 95 6 25 39 52 5 61 50 36 56 87 52 39 39 7 25 8 56 4 64 19 44 21 35 7 6 45 7 94 88 34 95 74 83 92 11 75 80
39 38 3 10 18 28 25 74 47 79 21 81 53 5 13 26 44 51 82 84 1 85 42 81 86 61 78 57 60 38 64 52 75 99 51 50 43 6 75 100 31
82 25 53 44 92 3 77 100 29 52 87 52 71 47 82 75 51 94 72 68 18 76 54 7 52 4 44 53 1 57 25 51 56 26 32 58 58 33 91 53 35
9 53 22 84 98 79 98 1 11 40 28 51 58 17 14 50 54 75 77 49 54 100 58 79 34 22 82 22 4 56 98 99 14 39 24 48 55 77 75 14 27
69 65 7 31 94 92 49 34 81 26 58 95 38 54 3 68 91 92 64 88 61 17 30 1 70 73 40 85 20 90 95 52 87 62 24 95 84 68 81 55 9
56 81 83 94 73 26 64 39 29 65 93 86 40 51 28 16 21 82 9 71 99 16 96 46 99 6 97 24 48 5 52 39 56 21 83 13 29 98 90 63 36
96 50 62 5 88 26 3 53 8 10 94 82 29 81 74 41 87 62 33 10 79 71 68 69 38 95 39 76 44 31 65 66 61 56 97 70 59 43 98 1 86
25 50 66 61 98 27 20 33 38 28 79 89 28 62 99 48 23 10 99 80 46 54 42 48 83 97 72 73 19 8 23 38 42 91 85 98 87 62 66 83
80 92 96 16 73 22 39 36 54 97 18 86 2 94 28 78 46 31 4 38 75 39 58 94 13 4 29 46 17 57 50 69 5 10 67 99 96 100 77 37 77
34 5 65 29 10 65 6 78 45 8 21 93 29 79 25 53 66 16 6 22 5 45 48 13 58 65 32 11 12 31 47 95 37 92 15 42 12 8 36 30 87 13
23 11 16 88 20 87 16 96 1 8 94 65 59 95 67 6 37 40 22 84 47 85 23 71 98 26 97 90 17 75 8 82 45 56 87 49 90 78 51 98 81
54 13 37 74 100 25 21 75 86 34 1 12 27 16 85 7 15 18 70 75 69 85 1 28 44 34 12 99 67 10 94 76 84 56 22 49 100 25 16 18
85 13 88 78 89 99 88 85 70 21 29 17 80 30 77 31 75 12 44 7 86 38 56 15 94 45 31 53 94 35 66 53 13 89 69 38 94 100 2 45
96 11 29 52 83 89 69 41 86 51 14 62 78 22 48 70 28 38 49 37 31 54 2 78 79 23 34 14 82 84 25 88 60 21 33 26 10 73 55 5 39
18 72 61 8 19 82 92 34 33 95 66 63 26 38 59 1 80 98 40 39 75 87 64 2 81 38 34 11 88 9 52 44 21 26 7 12 53 34 30 57 84 97
58 5 61 80 1 29 78 94 32 59 28 29 57 2 21 10 64 80 14 17 54 44 88 78 49 38 99 12 49 48 17 36 51 54 12 29 99 2 91 92 12
95 88 67 45 77 27 93 72 2 44 49 42 95 27 3 54 49 85 31 66 47 22 71 72 86 82 22 3 4 65 4 74 30 98 49 18 89 97 10 19 84 46
42 82 13 94 66 6 33 52 61 96 46 29 83 82 76 12 5 39 7 66 53 1 85 39 11 53 92 74 45 20 91 7 20 16 46 13 85 69 4 52 96 66
85 20 43 83 97 65 55 80 44 64 43 21 4 78 29 30 80 53 15 75 47 91 19 45 83 48 24 87 40 64 81 87 48 65 55 41 84 87 36 2 81
9 42 35 78 92 99 9 19 4 27 81 83 35 71 76 82 35 38 21 21 20 92 92 68 99 12 32 39 14 31 80 88 99 96 46 32 41 45 85 97 66
10 65 80 39 24 27 85 94 19 70 69 69 74 73 32 82 90 82 35 7 46 96 80 84 26 90 66 43 86 83 96 63 47 3 86 26 29 84 95 65 51
23 98 55 37 13 19 45 95 57 79 17 4 68 9 58 54 64 3 69 76 3 81 34 38 72 20 25 60 16 4 40 96 58 100 5 9 94 67 50 65 80 5
13 76 41 3 43 7 39 44 5 13 61 25 57 88 2 75 23 63 51 68 83 91 53 93 64 4 86 24 64 4 55 94 59 63 63 74 14 50 99 21 43 22
49 70 99 48 3 47 45 68 45 44 23 6 8 78 83 25 54 36 35 19 15 61 10 46 9 95 7 90 84 65 60 51 58 18 88 22 27 55 14 37 29 18
34 80 29 82 79 4 9 64 75 70 71 28 66 47 44 37 69 35 79 25 4 44 5 72 64 31 80 100 19 91 88 100 69 62 62 95 71 20 97 1 56
41 51 56 92 51 88 19 6 46 95 92 58 73 50 17 27 91 60 50 19 50 22 9 5 79 54 50 48 55 72 34 14 90 28 16 52 2 13 35 1 47 64
88 59 54 16 15 93 36 70 32 67 62 35 13 76 12 97 7 26 23 55 95 56 62 89 78 25 96 95 32 94 48 54 34 94 27 73 16 70 89 63
35 58 99 10 76 15 87 68 57 24 89 94 44 25 83 94 19 36 61 5 11 81 55 62 65 7 40 39 6 10 35 58 31 53 37 65 54 55 55 34 97
66 69 41 21 34 80 27 18 44 17 1 38 66 8 75 11 88 84 75 51 37 20 95 99 16 55 82 52 58 49 63 66 33 55 39 10 36 58 89 12 22
35 96 79 97 46 50 13 94 69 97 98 19 56 58 64 90 63 33 9 82 48 8 66 20 83 25 8 83 16 31 93 45 89 41 84 90 97 77 23 88 89
96 55 4 17 83 10 35 56 76 24 13 77 15 27 49 81 91 98 11 35 73 4 26 21 39 63 97 10 46 24 43 94 70 30 76 34 99 76 52 89 82
43 73 46 50 61 29 89 61 40 56 21 27 46 28 25 5 39 54 100 16 49 18 86 37 68 31 8 25 99 57 43 98 89 72 38 69 77 78 23 34
18 66 1 90 7 84 3 76 4 37 40 64 57 91 38 22 67 33 17 26 42 9 99 45 51 8 26 98 59 64 66 80 88 77 5 49 34 61 12 60 67 78 9
49 17 62 82 17 65 67 13 73 50 41 43 86 23 23 1 47 67 10 96 5 50 42 57 65 60 16 48 73 70 49 47 63 97 44 10 13 57 43 39 98
7 16 56 87 3 19 16 43 56 57 31 86 65 75 65 96 61 85 23 34 75 70 11 82 53 36 54 71 3 46 47 13 61 71 18 50 73 3 98 67 66
76 36 2 27 93 42 24 40 99 81 44 21 61 32 67 28 91 78 99 55 21 94 70 59 65 5 88 67 59 79 6 27 48 76 39 74 77 48 8 86 6 94
59 72 79 95 56 62 41 97 77 58 70 79 38 50 15 28 65 96 50 40 12 21 28 29 7 65 33 5 33 55 7 2 11 12 98 83 56 1 37 57 25 6
26 98 68 37 100 97 93 81 50 24 73 45 81 16 67 100 67 95 53 26 94 48 24 81 75 76 80 55 68 92 86 49 90 16 33 1 41 63 79 24
86 64 81 94 70 77 23 80 5 6 26 32 62 38 13 88 15 11 42 81 77 48 45 38 100 84 39 90 53 69 33 99 30 23 89 65 88 8 70 31 96
81 80 61 76 2 95 79 60 23 33 6 20 83 14 17 2 35 28 100 17 61 85 32 98 17 88 30 62 4 22 47 49 64 73 88 95 82 26 88 79 77
97 55 71 14 41 70 70 28 4 50 81 33 52 41 38 31 79 68 49 71 21 66 83 92 67 34 15 20 98 82 45 56 75 100 51 73 53 5 10 48
73 36 88 38 9 29 38 76 77 36 85 68 52 86 45 84 93 83 74 25 58 85 40 60 57 92 35 40 24 39 21 33 37 72 18 36 89 64 13 37
54 22 5 86 26 18 81 81 64 94 97 85 55 61 74 50 26 24 4 79 96 23 42 98 47 28 56 15 5 46 29 17 2 61 1 66 17 54 9 78 79 76
91 64 93 63 13 97 7 76 93 74 14 24 11 72 91 85 46 31 98 84 26 64 5 86 43 85 19 99 7 67 62 80 62 38 4 1 75 2 50 31 23 45
53 96 90 2 62 2 43 80 55 9 50 99 20 61 56 33 57 47 58 61 49 44 66 67 4 21 42 36 78 94 41 75 35 46 73 53 99 44 67 50 47
68 42 82 6 17 90 19 83 92 49 28 52 22 20 19 100 94 20 23 59 9 77 22 66 55 55 35 10 31 20 36 57 91 10 15 40 95 69 23 96
65 86 62 92 74 7 1 29 36 100 96 53 95 23 24 55 77 16 31 27 70 7 4 98 89 26 92 60 47 64 93 74 62 4 69 84 57 68 79 59 71
85 74 25 21 36 63 50 66 52 34 79 94 71 92 46 71 54 45 96 16 100 77 11 99 47 81 1 3 35 71 62 83 81 90 86 55 80 49 58 8 34
99 1 71 5 38 60 47 42 17 84 91 96 90 28 8 59 33 41 60 79 50 97 65 47 23 53 48 78 27 76 41 88 55 74 48 88 36 94 59 67 88
66 4 21 42 89 66 12 29 34 75 76 73 38 35 23 74 32 1 86 57 69 36 93 77 84 54 41 51 26 85 23 47 32 26 54 84 37 47 65 9 24
80 31 86 35 31 12 66 21 6 85 95 94 98 49 61 65 53 55 91 73 71 59 89 73 62 100 47 29 25 72 67 17 21 8 58 69 52 76 31 91
14 31 33 38 53 68 76 24 28 8 72 47 44 92 18 1 68 98 48 49 91 96 4 99 96 30 49 67 26 94 62 31 58 79 51 84 82 34 57 34 12
72 34 71 44 88 39 81 87 5 52 29 77 77 58 53 82 30 19 43 45 2 54 68 21 34 53 47 58 43 21 65 36 52 61 6 52 68 36 44 12 73
85 73 96 75 36 15 74 71 75 43 50 68 71 18 65 91 66 56 16 83 91 39 90 67 5 81 18 65 91 14 46 69 60 56 66 55 43 78 13 78
15 32 55 60 2 41 19 87 56 23 32 30 75 64 88 90 5 65 52 13 10 80 3 33 13 83 81 83 22 73 11 22 46 66 58 58 70 34 18 17 69
31 42 76 18 46 66 41 11 37 45 18 21 36 8 54 80 58 3 80 14 52 39 76 43 76 42 90 52 40 52 66 83 57 62 2 95 79 9 11 49 7 25
98 71 36 88 24 64 13 42 46 49 60 54 71 67 35 71 36 59 75 10 73 96 62 45 94 83 14 25 1 13 93 84 7 20 40 1 42 15 8 29 73
58 95 76 28 91 12 77 24 96 91 52 35 17 56 45 21 33 8 2 6 17 13 78 84 73 98 12 21 8 38 100 25 99 7 73 78 29 80 20 26 58
41 53 63 34 39 20 39 5 95 99 90 46 23 79 16 45 4 20 92 50 100 36 83 16 96 72 78 62 26 65 34 49 32 41 74 3 29 89 52 12 49
77 19 60 77 60 65 85 61 58 36 19 34 83 81 25 40 57 100 94 80 79 76 38 92 62 72 52 40 20 65 29 6 19 38 91 69 4 58 72 2 62
92 73 59 91 20 99 77 34 3 33 64 65 77 32 66 10 76 65 13 37 28 57 80 30 46 11 60 7 74 70 14 4 89 69 93 3 25 62 62 61 15
39 64 21 95 40 77 62 50 65 52 1 38 47 49 86 20 68 82 89 63 16 37 3 82 31 66 27 10 16 28 62 77 88 12 79 67 5 61 77 47 94
44 50 24 40 76 51 47 57 31 90 52 1 11 92 84 27 3 23 20 80 82 27 81 83 10 97 33 31 75 36 31 42 3 38 76 14 53 4 32 20 82
46 81 82 32 58 6 69 36 55 52 19 92 53 94 98 76 44 42 71 77 99 65 51 43 56 44 92 73 78 34 11 41 94 69 66 29 10 5 29 40 91
60 15 70 3 25 23 23 9 60 52 81 57 2 95 13 60 42 3 79 64 71 96 78 40 46 93 33 44 88 75 77 76 50 7 81 43 17 35 91 15 65 35
83 12 65 19 25 98 36 22 7 27 3 69 93 78 75 4 73 43 68 94 69 45 92 100 15 46 31 63 8 58 71 95 45 73 27 11 42 74 4 42 30
67 87 11 56 15 36 62 72 96 69 88 97 14 92 97 31 44 10 33 66 14 59 84 77 7 23 79 5 65 100 45 3 75 47 54 41 87 1 96 50 71
46 71 12 67 13 15 2 8 3 18 64 95 26 75 18 100 10 63 18 30 11 38 26 20 90 90 25 47 26 13 99 71 7 69 68 56 58 53 94 15 77
14 31 41 94 75 8 52 63 3 77 20 12 90 91 66 64 91 36 81 27 65 51 45 89 40 87 61 73 4 94 21 77 57 95 1 41 89 12 29 35 31
62 29 21 52 3 37 26 65 18 55 20 57 23 85 36 81 78 59 29 74 70 25 58 27 51 10 38 32 33 93 21 90 56 48 29 1 73 64 44 36 91
80 61 92 2 18 31 68 85 93 49 38 35 100 65 47 73 3 100 53 39 64 6 18 93 54 3 88 5 67 61 91 26 15 31 7 13 37 47 81 16 62
59 5 23 41 97 15 55 18 17 10 67 92 70 89 74 9 73 53 3 32 50 20 16 55 32 1 22 90 79 48 30 24 74 65 57 9 87 69 22 87 76 94
32 95 63 5 74 99 50 93 56 61 26 14 21 61 29 19 19 80 8 89 36 79 70 54 42 72 15 7 9 20 4 74 94 61 8 64 48 66 14 47 91 22
86 56 48 62 46 95 96 8 45 80 2 93 31 99 12 94 40 79 10 82 3 12 57 48 95 99 91 88 85 79 80 81 81 67 59 59 59 28 95 6 95
48 84 71 45 20 18 30 98 22 35 58 96 32 18 33 21 82 100 12 39 46 4 20 100 7 16 6 1 59 58 53 69 67 57 26 59 34 44 61 50 44
5 51 39 41 20 43 81 53 79 75 16 44 98 39 86 16 92 37 6 27 92 6 12 59 26 25 43 40 90 94 52 82 4 77 15 95 91 4 31 16 56 71
92 92 34 7 72 66 43 91 15 81 89 53 15 46 27 76 20 22 57 86 31 1 48 56 58 87 47 29 24 95 74 21 67 58 72 84 38 65 76 49 33
15 62 25 55 30 8 47 78 37 60 5 16 44 76 76 83 24 73 38 44 94 34 46 81 14 97 42 50 1 32 65 78 24 30 39 76 48 17 22 33 56
8 38 46 2 21 13 82 71 16 2 34 68 16 49 46 77 28 12 63 98 71 4 88 9 77 42 21 76 1 65 50 48 43 58 26 87 79 84 91 74 61 30
71 35 72 2 46 31 57 87 59 11 9 91 89 77 52 99 38 42 25 77 19 68 43 89 99 38 10 92 6 84 70 17 66 37 14 25 65 99 25 31 87
98 78 29 51 17 49 14 24 46 41 57 97 93 7 59 74 65 10 5 35 71 53 93 40 79 93 94 79 29 59 11 10 45 69 26 44 48 34 3 71 40
77 21 100 94 28 67 74 82 42 87 46 59 5 91 88 2 90 34 24 89 51 40 44 6 52 10 66 18 35 13 38 56 97 1 12 27 65 41 88 26 47
6 31 60 11 94 7 88 49 59 72 28 65 61 38 31 88 9 99 36 78 25 57 57 56 73 81 97 50 3 91 26 13 98 98 3 30 28 45 34 66 7 4
30 18 80 24 89 16 76 81 61 21 54 2 29 83 13 12 91 83 63 60 40 75 48 11 32 54 58 93 52 20 77 66 54 85 70 37 20 15 17 23
62 47 45 62 42 18 54 67 97 77 49 31 97 19 30 7 37 71 3 43 14 21 57 35 12 86 30 66 100 60 30 32 34 61 10 20 57 65 58 27
80 87 43 19 29 23 38 64 81 30 88 56 11 83 95 20 73 70 10 18 45 100 30 42 53 58 57 37 7 55 39 13 36 33 55 60 75 48 91 99
13 97 65 52 33 66 80 11 8 84 87 66 27 71 45 72 72 86 9 92 66 29 52 55 75 55 21 7 37 66 41 16 59 7 38 14 55 76 54 33 77
68 28 69 85 49 55 69 54 45 30 66 91 23 33 34 72 82 11 84 26 84 17 80 66 65 38 10 16 27 75 75 41 94 83 56 41 5 80 79 55 3
30 2 6 25 62 19 36 5 83 54 81 76 9 41 71 1 13 41 2 1 86 43 59 55 17 94 5 40 77 77 88 77 59 94 14 87 60 20 13 32 41 50 52
80 99 40 66 62 57 91 99 27 63 23 32 14 85 28 55 2 41 3 97 6 66 10 41 56 26 95 3 48 38 15 89 65 9 14 29 100 16 59 24 68
26 25 19 3 37 94 89 11 51 89 89 7 34 39 62 17 3 14 52 40 78 58 1 30 29 77 94 72 87 94 69 15 83 51 97 71 58 47 100 67 25
55 56 27 56 25 8 94 81 43 67 56 73 14 33 53 90 99 93 68 21 67 66 11 79 59 5 44 3 79 96 29 75 37 39 98 68 15 65 67 79 13
61 92 90 64 35 76 13 22 68 55 87 39 75 13 89 87 15 36 17 95 66 74 15 79 17 72 65 65 87 55 13 19 4 97 6 75 32 84 72 24 46
90 45 5 80 57 4 6 56 7 36 79 43 10 18 77 74 49 60 100 60 99 100 67 16 86 13 48 15 49 25 47 44 75 10 18 81 19 18 23 3 31
23 58 42 25 37 15 63 18 45 12 86 27 98 28 11 71 10 74 78 31 50 49 52 5 95 57 21 78 58 96 16 14 15 77 18 78 59 69 51 58
27 44 98 19 17 5 100 77 14 46 52 1 5 12 58 60 80 27 14 35 65 12 8 67 68 3 95 63 32 91 31 6 35 93 28 79 32 52 16 75 44 51
5 60 53 70 73 64 20 84 18 30 9 43 46 31 69 96 36 46 36 21 30 68 93 10 72 90 63 60 13 97 93 2 8 28 94 42 69 10 76 95 95
39 20 72 3 13 27 74 27 12 47 72 68 62 52 51 22 9 6 89 95 3 1 43 22 93 73 43 27 61 80 64 31 21 48 93 66 53 50 10 90 52 21
42 54 48 57 50 53 44 21 19 1 22 76 61 28 10 88 51 66 26 31 24 87 46 75 69 64 27 93 11 74 76 23 64 60 80 20 73 19 79 45
49 95 49 21 60 88 81 41 85 98 51 70 95 3 92 80 20 96 24 85 54 19 14 96 58 64 68 60 40 98 17 40 69 82 64 45 53 15 80 14
53 32 42 88 12 35 88 88 38 82 91 38 14 2 91 12 45 8 51 22 64 8 92 20 70 93 28 51 96 57 83 97 11 23 3 67 60 51 97 21 3 63
36 91 53 45 42 87 47 16 61 57 12 63 30 28 32 8 63 88 60 34 28 10 98 36 36 85 6 19 69 100 43 14 63 65 83 16 53 41 49 83
31 67 9 100 91 64 95 84 96 92 38 14 33 39 12 10 95 30 50 74 14 90 38 28 41 4 17 5 78 22 72 93 72 77 14 68 5 45 27 64 8
78 33 65 92 61 20 22 27 23 50 62 65 38 76 84 45 67 67 47 98 11 66 31 96 14 80 45 78 93 4 61 61 88 94 14 31 49 22 11 52
76 7 86 50 56 97 62 23 99 44 70 65 54 97 72 76 20 35 52 24 17 35 10 45 83 68 79 94 17 90 9 15 81 76 33 96 8 37 87 56 87
64 21 55 77 47 97 74 12 58 40 29 62 66 92 67 86 24 42 39 31 60 13 59 41 82 32 17 42 12 50 71 61 36 6 23 23 46 4 28 82 74
63 61 63 30 90 36 71 61 21 56 10 88 74 64 61 16 8 59 63 11 84 72 10 12 75 38 68 32 60 42 97 74 76 78 12 55 4 82 6 56 14
98 23 30 85 18 88 88 67 31 49 64 96 39 29 27 57 96 12 83 47 98 82 38 79 30 73 25 59 32 1 5 54 53 76 38 72 50 23 62 54 68
26 20 74 81 96 2 60 45 8 86 37 18 56 3 75 18 35 21 6 54 82 34 69 97 38 45 46 47 10 87 37 56 37 27 39 41 84 24 92 89 46
12 82 37 8 1 29 74 16 33 77 9 97 66 23 61 58 97 93 25 17 14 24 77 38 82 63 95 85 45 21 15 96 47 27 88 62 35 46 22 58 26
89 84 44 3 4 66 11 83 37 1 35 24 66 12 17 3 44 80 78 67 51 56 1 22 68 94 85 70 36 97 44 17 94 75 69 61 28 36 9 27 50 98
73 69 53 77 95 31 8 30 76 75 30 92 9 88 51 75 51 85 60 92 42 4 18 98 44 89 23 71 20 50 9 60 14 36 96 64 22 35 95 28 30
84 26 7 40 11 31 55 77 61 14 87 16 4 20 62 11 11 48 35 12 94 70 64 23 30 30 44 28 53 68 91 97 16 90 24 11 38 81 90 78 94
82 22 74 10 21 98 64 14 9 27 98 12 28 12 16 62 76 2 60 47 47 25 5 83 84 12 56 9 91 41 84 46 88 9 40 40 3 75 43 31 100 64
12 73 59 6 20 24 83 34 70 79 25 25 5 74 94 91 69 20 77 27 32 68 16 75 39 4 94 59 58 41 47 74 40 75 31 22 20 18 77 44 10
59 65 31 66 32 13 93 17 79 38 65 25 10 65 5 70 80 52 4 82 69 88 29 13 75 5 70 20 45 55 35 48 5 95 87 88 86 54 38 92 94
14 86 8 100 5 3 57 38 64 53 90 66 72 16 27 46 57 36 47 92 65 1 61 91 32 54 27 24 31 5 86 17 21 54 9 15 26 17 56 33 3 99
76 29 31 17 22 74 34 71 82 92 31 84 40 47 39 23 34 73 81 67 31 32 92 45 99 31 14 70 63 100 83 24 5 97 61 18 71 89 36 27
73 96 37 53 76 47 69 30 97 29 96 88 48 15 3 35 87 87 75 15 38 13 68 98 81 59 50 59 84 1 28 97 27 77 35 11 23 46 97 92 62
22 91 52 83 74 81 53 49 100 6 88 78 87 56 89 87 10 6 10 3 8 33 36 85 30 16 84 52 56 80 16 43 41 48 38 58 1 26 34 56 97 3
85 14 9 58 91 20 23 5 41 7 57 3 4 19 57 18 22 72 92 65 90 16 60 22 8 68 76 55 91 57 30 86 58 57 65 7 30 55 53 90 86 48
27 19 74 24 6 19 90 21 20 72 55 59 51 44 36 33 71 95 86 32 29 71 42 49 22 85 65 50 9 11 46 98 32 64 73 85 50 1 68 33 3
62 45 18 61 92 22 5 6 18 25 12 59 62 90 86 24 40 72 98 87 82 8 97 63 91 41 14 45 26 39 22 89 46 35 66 19 24 28 25 53 65
52 74 43 39 34 34 99 43 88 86 66 8 83 86 83 99 46 30 98 31 48 82 42 32 62 42 56 5 4 75 49 63 97 33 90 61 74 14 14 18 16
44 10 78 38 87 2 13 61 22 17 12 43 32 77 41 87 95 73 64 40 49 12 41 6 91 7 70 29 3 47 82 96 97 45 50 54 22 87 11 9 34 15
93 16 89 88 81 91 36 97 43 98 62 91 66 54 62 96 16 57 16 13 18 65 72 16 81 27 14 22 16 30 73 76 2 7 15 14 87 73 63 1 71
82 22 95 3 37 38 33 5 64 33 100 22 86 98 57 91 16 31 47 37 37 80 63 87 99 87 55 11 54 26 5 72 42 41 46 79 16 28 63 7 55
50 56 19 47 55 8 16 47 81 42 61 12 86 17 75 18 30 91 81 93 85 88 73 88 15 10 78 10 96 93 19 29 75 49 100 80 27 52 3 74
37 2 5 65 93 85 32 26 27 34 70 38 9 50 28 65 1 5 41 75 34 100 77 100 96 15 86 26 1 18 82 34 41 49 15 20 51 76 1 71 50 33
70 5 78 16 24 41 77 36 35 72 93 32 81 58 34 87 12 48 61 85 96 3 31 78 30 63 84 1 57 35 11 22 28 35 32 34 100 80 97 4 48
43 86 72 87 24 44 55 39 26 57 2 48 28 18 1 87 36 45 81 1 84 90 18 96 18 42 87 18 45 52 95 85 58 60 48 39 89 78 12 78 48
71 20 51 23 86 70 41 70 6 63 82 15 24 5 38 25 69 43 76 89 14 43 46 73 41 17 16 39 4 38 1 87 96 36 66 42 15 58 81 18 99
16 78 48 67 27 52 25 29 51 79 20 24 75 53 78 78 83 44 20 82 53 13 22 7 90 19 10 94 51 10 95 87 83 30 39 45 57 91 80 13
95 59 6 80 22 69 79 30 25 45 37 12 66 1 6 81 84 11 34 77 62 12 45 71 53 50 16 93 89 9 17 74 90 48 47 76 70 51 23 59 36
21 50 23 95 13 57 74 9 74 76 94 99 96 80 6 10 37 34 51 96 5 80 31 81 46 46 6 34 53 91 82 19 66 95 25 41 94 13 29 71 4 46
68 58 73 41 85 33 37 74 51 6 44 57 73 83 45 96 48 45 70 46 62 23 61 7 40 72 12 9 59 54 93 65 3 23 52 78 100 82 45 92 54
60 5 41 88 81 57 13 33 41 63 92 52 51 54 60 55 97 41 54 8 20 85 49 99 83 80 10 2 26 49 19 30 72 36 59 40 66 82 85 74 97
39 93 60 12 22 71 66 30 84 90 71 22 35 57 12 12 45 90 16 29 72 9 81 36 82 48 20 31 39 67 41 29 19 1 38 29 54 19 69 85 50
67 13 2 57 11 43 67 72 72 62 94 19 92 70 18 34 82 5 8 42 96 59 29 38 97 77 63 41 19 5 40 21 21 85 20 41 37 82 93 88 15
88 46 95 25 37 12 97 11 30 7 77 92 21 60 48 84 81 70 18 66 20 13 33 14 97 59 32 20 35 100 74 31 41 64 86 35 18 68 62 95
60 59 81 95 50 4 70 47 68 89 13 81 84 82 72 28 75 44 39 27 85 50 85 9 69 33 33 32 1 84 78 84 99 86 75 29 62 60 52 65 4 8
65 92 12 81 21 70 75 14 16 64 4 5 17 83 10 24 48 98 47 94 12 88 30 52 33 37 85 92 64 46 50 64 76 99 12 36 37 41 66 62 16
77 52 55 35 16 38 30 15 98 31 80 84 86 46 38 32 72 39 84 60 6 85 73 4 73 8 77 98 28 24 75 51 95 57 82 38 57 73 74 10 72
48 9 43 66 23 72 68 50 37 40 76 61 94 70 18 64 61 91 84 7 57 54 61 74 4 20 55 8 97 85 36 96 16 40 32 41 12 61 1 35 85 40
34 96 73 71 67 54 69 45 97 70 8 26 2 77 36 51 17 48 8 38 79 25 14 47 31 38 98 22 82 66 41 100 93 10 85 70 89 3 94 65 16
1 38 24 49 58 77 45 8 25 6 18 90 48 71 69 41 81 9 10 49 60 8 25 10 12 87 44 97 37 83 10 94 89 10 92 64 23 19 28 49 83 61
92 72 97 5 70 98 26 92 86 97 42 6 73 31 28 46 75 19 42 16 80 65 37 82 16 61 5 18 50 4 99 11 61 58 88 58 89 76 62 12 49
81 13 71 69 100 24 8 19 70 51 89 7 37 2 35 15 14 68 10 90 19 44 28 61 93 77 68 32 33 40 45 60 98 100 80 61 64 36 55 67
72 60 86 14 89 86 12 95 45 15 40 48 96 75 94 99 79 71 49 18 25 89 42 10 29 25 47 49 23 38 3 92 96 77 24 39 17 19 7 49 11
31 10 71 35 86 70 56 17 19 16 11 59 3 60 40 72 29 70 42 26 20 10 17 37 78 93 53 26 69 89 96 12 28 90 41 63 43 83 35 91
21 42 51 59 8 91 13 96 52 24 22 40 17 37 63 21 74 75 92 71 54 1 48 13 74 35 65 36 90 63 8 89 81 81 42 70 55 62 82 73 58
1 82 37 45 15 86 94 46 89 56 84 100 72 26 75 81 85 39 27 53 79 52 83 62 74 60 91 53 6 54 79 95 25 39 98 57 82 29 53 34
43 1 78 18 74 42 53 72 64 31 95 66 51 79 84 33 62 81 15 8 71 58 78 22 97 55 75 48 27 24 42 49 37 47 12 100 27 39 10 48
53 65 12 12 86 4 74 34 28 93 65 66 64 54 33 36 51 16 38 34 38 4 41 89 80 94 35 87 58 2 82 53 22 33 7 31 9 60 35 65 4 60
21 67 90 1 34 61 13 68 18 20 58 53 86 76 74 46 6 26 55 14 76 27 85 99 44 72 59 58 77 58 18 14 72 73 21 63 63 37 17 33 76
44 28 38 73 91 81 40 30 37 20 40 66 54 17 63 69 30 78 27 58 64 30 71 5 58 56 73 82 71 9 1 46 32 91 23 90 94 84 86 22 97
83 51 6 53 18 69 13 5 67 10 3 72 73 19 85 21 8 91 81 40 21 58 79 44 52 53 29 88 79 13 38 84 89 44 9 69 36 57 81 81 49 44
61 2 33 11 15 35 96 52 85 64 87 22 16 46 27 80 89 46 38 25 91 100 69 79 44 6 99 59 19 71 70 93 6 74 40 97 87 78 9 37 3 3
12 35 68 96 92 3 60 76 26 14 76 41 80 63 77 40 64 7 62 42 75 52 99 43 85 70 62 28 11 61 25 4 1 92 28 13 14 7 20 54 33 81
73 53 66 72 9 50 90 77 7 62 39 21 63 78 96 79 36 5 34 89 84 17 77 84 27 42 90 19 3 16 61 64 75 82 50 7 88 77 56 25 73 68
83 1 48 99 9 14 47 19 57 28 3 44 15 53 77 98 63 96 3 29 65 24 38 20 97 36 73 29 72 96 29 95 75 88 37 90 81 16 17 28 73
83 56 66 30 14 23 33 46 45 53 95 13 46 52 73 51 62 70 78 73 48 10 47 55 9 45 59 10 54 66 27 93 53 18 22 91 15 52 15 19
75 1 8 93 32 88 55 95 49 82 64 12 90 8 81 54 60 86 85 30 66 33 76 82 79 76 82 31 83 93 61 1 21 43 72 45 24 59 21 98 66
16 22 35 31 96 51 69 70 34 81 76 86 58 96 44 88 36 92 71 20 1 29 33 56 75 93 33 12 23 99 11 73 14 25 100 97 25 95 3 67
99 99 80 28 78 90 79 93 84 13 61 53 40 26 23 84 36 21 86 18 36 18 16 93 26 1 34 61 4 81 1 38 71 39 26 98 80 58 34 25 94
33 31 90 11 61 23 43 72 9 51 28 92 97 75 71 81 14 85 88 60 23 91 24 83 49 30 70 56 25 93 93 36 11 40 75 49 36 12 24 42
41 44 36 82 68 24 14 36 63 5 40 25 91 44 12 3 88 93 86 91 58 58 53 95 53 8 88 3 10 10 89 1 65 25 48 75 55 73 35 57 57 86
51 100 52 21 27 75 37 78 32 84 45 43 16 31 77 92 5 4 51 99 23 74 84 10 82 77 63 95 97 21 52 20 63 9 26 42 92 7 92 96 26
52 78 41 71 40 88 66 18 28 87 13 85 46 84 19 49 56 95 85 37 7 60 64 34 10 90 94 16 50 92 37 79 78 42 51 85 74 70 96 79
16 67 100 19 99 35 9 12 39 27 37 94 25 29 84 34 65 59 18 90 30 11 40 26 27 92 50 22 49 66 36 76 44 22 58 2 70 49 26 85
42 96 48 37 38 78 98 53 62 85 78 47 10 19 22 81 30 56 6 43 24 81 4 93 38 65 73 26 11 12 68 11 61 68 62 22 70 84 49 18 80
97 45 59 57 49 81 63 7 18 18 76 57 31 83 78 32 58 37 98 98 6 2 70 49 54 58 44 100 95 81 68 79 26 96 21 12 45 27 84 23 27
55 8 82 60 42 8 62 35 92 35 11 29 44 30 98 51 45 67 5 43 39 21 80 52 51 85 80 74 30 16 41 90 25 48 73 44 59 17 51 88 64
80 5 30 95 18 59 5 54 52 22 15 77 8 98 71 25 84 39 94 84 26 42 79 27 75 20 74 88 58 91 3 45 42 10 16 25 40 32 75 78 99
65 45 37 81 37 28 47 90 34 95 52 80 93 91 54 98 44 27 83 35 75 78 84 88 65 54 100 59 22 21 13 95 31 23 90 71 82 90 56 82
9 74 74 73 98 57 62 45 81 55 38 73 86 68 29 83 73 55 71 39 72 63 42 44 76 74 88 72 4 9 82 41 48 38 55 17 34 5 50 22 91
78 92 98 76 25 20 91 63 8 62 92 78 94 39 83 60 1 91 31 8 54 63 38 51 17 57 68 20 79 7 4 46 28 85 15 98 10 64 82 56 81 41
30 9 73 37 24 91 18 7 60 37 11 31 77 5 65 46 54 24 64 100 37 50 4 30 41 95 6 10 87 34 29 64 81 12 13 39 94 49 59 24 55
52 10 91 76 52 35 61 39 55 3 67 77 58 91 49 30 88 49 18 68 22 86 71 9 36 12 35 62 69 65 59 36 20 67 71 16 10 75 6 47 45
28 62 89 24 61 72 20 84 60 15 77 32 30 43 94 80 24 54 91 73 28 51 95 57 4 59 80 65 96 73 19 41 96 25 85 7 13 22 53 48 37
98 43 100 54 67 65 69 16 35 34 43 55 44 8 44 43 62 81 87 84 70 65 87 14 65 20 62 49 55 31 55 18 34 90 97 18 10 4 86 25
83 18 77 63 22 71 100 63 9 90 17 53 26 78 72 34 78 70 74 51 75 88 33 87 48 25 81 33 7 88 99 94 34 8 29 80 1 40 69 89 27
37 15 64 75 74 23 92 28 89 32 36 62 42 55 50 48 77 67 45 43 13 45 11 51 16 60 22 9 39 64 48 93 30 94 84 51 33 92 49 74
74 62 4 40 88 12 77 66 41 50 92 11 99 95 80 59 25 98 25 11 80 89 48 71 54 47 47 65 48 64 96 29 23 13 34 26 33 93 27 57
22 44 58 76 35 85 38 22 31 55 80 57 55 46 73 45 96 81 63 85 93 6 93 68 44 97 12 39 55 29 73 30 43 55 73 24 91 72 8 23 51
27 41 37 81 38 16 90 5 31 81 63 25 3 89 45 16 62 36 55 97 20 42 36 1 44 76 65 84 28 46 63 61 34 42 26 16 6 67 35 41 73
61 12 37 30 67 89 40 35 99 26 58 15 54 80 31 67 82 98 67 72 32 22 88 44 51 100 37 52 37 95 67 42 19 58 95 55 7 95 47 66
20 44 12 1 93 6 70 96 48 67 90 64 95 3 80 44 30 72 40 88 31 83 40 80 50 31 45 31 5 81 54 2 29 57 94 87 52 81 89 75 50 60
15 48 78 59 10 44 13 32 90 56 35 15 83 89 39 94 33 69 90 12 9 38 16 38 72 20 33 22 57 56 67 70 52 21 61 74 66 14 13 70
93 51 20 26 60 18 26 83 53 6 37 83 51 8 78 6 86 40 7 73 85 19 48 19 27 35 45 87 83 24 90 40 91 82 26 41 41 16 15 30 7 97
50 59 48 58 31 60 24 4 31 61 10 24 66 37 34 4 5 27 6 56 88 64 46 15 66 4 47 45 37 39 1 47 90 40 61 69 22 98 22 55 83 8
36 50 98 51 35 55 17 41 90 67 46 33 23 42 42 54 64 30 18 11 41 79 43 69 22 21 97 100 80 30 42 79 78 51 27 81 56 37 37 15
36 37 70 28 59 70 53 12 68 67 40 4 69 41 75 23 94 54 30 60 22 72 96 81 24 9 36 43 15 4 6 59 15 98 34 7 4 63 100 38 15 92
47 4 95 38 50 98 9 60 58 23 72 61 41 36 79 21 76 26 43 84 11 29 80 14 95 15 36 85 49 59 67 52 81 30 93 57 26 62 12 75 72
78 10 74 54 32 91 51 4 44 51 44 32 98 2 93 68 45 22 98 11 40 7 5 16 94 6 34 61 78 99 31 54 32 48 82 70 27 3 31 60 47 97
64 22 46 62 35 42 68 17 7 62 85 97 17 54 45 82 34 47 78 61 3 94 73 98 94 66 71 36 89 95 82 4 52 88 17 60 67 42 32 7 30
74 9 33 78 9 81 36 45 58 52 71 53 37 49 100 5 4 20 9 57 63 21 36 97 10 6 23 39 70 33 19 90 56 5 40 66 45 32 62 33 24 2
72 91 3 80 38 12 46 35 23 63 70 48 1 47 48 26 91 61 18 27 56 100 51 21 6 7 84 12 95 45 64 52 9 15 60 46 77 33 64 24 97
51 9 39 78 97 43 80 1 86 96 39 44 11 68 100 66 39 12 99 7 98 14 84 17 67 55 52 31 31 60 39 60 97 71 35 41 15 6 41 37 39
78 8 78 47 5 7 12 99 10 16 14 94 35 8 57 88 89 69 49 99 60 99 43 32 10 26 1 82 1 13 86 94 17 9 50 33 48 82 77 35 58 75
64 36 26 28 40 26 74 60 47 68 99 25 83 85 72 94 50 53 65 60 16 8 37 8 83 61 29 40 73 79 56 89 37 9 3 46 11 25 14 75 38
87 29 49 31 61 42 26 64 52 24 77 9 21 22 88 87 41 14 18 47 46 83 100 65 12 70 87 29 49 20 26 68 98 39 78 8 94 56 6 11 24
41 96 98 53 59 94 61 31 65 47 24 98 29 6 28 74 92 30 47 78 18 43 59 12 12 1 70 57 6 6 31 76 69 31 29 39 65 92 85 87 13 9
87 38 40 10 22 42 80 61 81 24 70 99 85 62 16 89 88 14 91 51 100 77 30 72 74 61 56 32 47 96 70 18 5 5 52 48 31 76 74 81
90 26 37 31 76 59 52 80 6 97 96 63 74 90 94 64 4 50 24 8 19 94 45 90 53 13 51 84 3 61 35 26 46 82 18 10 2 40 90 63 41 78
5 8 33 72 92 74 92 41 32 30 13 58 97 90 16 36 35 26 50 60 22 95 10 34 91 64 69 92 48 65 53 57 22 1 78 54 33 11 94 67 42 
15
9285 19
9304 13
9318 7
9326 1
9327 1
8679 4
8683 381
9065 128
9193 47
9240 45
3586 4242
7828 56
7884 795
695 2265
2960 626
