3896
9 28 26 84 56 16 94 87 83 53 8 98 43 85 29 50 37 83 79 43 36 56 37 22 19 69 12 71 77 75 61 34 18 47 39 59 55 54 29 27 73
78 71 34 83 32 21 47 14 44 61 82 91 19 57 30 13 56 62 54 64 95 57 91 70 52 47 89 20 7 24 8 20 9 24 57 47 97 67 64 62 26
23 57 79 94 77 88 50 40 44 27 1 60 29 31 74 71 64 78 79 90 21 91 84 46 16 57 74 18 19 6 3 71 53 9 23 57 19 99 38 9 87 10
28 54 97 100 86 11 24 74 53 11 77 42 37 11 44 25 57 78 84 89 71 40 80 78 24 93 99 83 1 10 56 8 15 45 53 57 30 89 78 66
26 30 87 1 75 82 79 20 3 14 63 68 40 64 3 53 49 49 63 41 83 60 50 99 25 69 16 88 41 97 71 76 84 83 65 99 98 72 85 40 8 1
55 44 47 41 81 80 98 61 29 29 52 83 69 32 79 35 35 33 45 31 45 45 53 95 52 33 78 65 50 64 61 27 33 52 5 45 84 73 8 94 93
38 96 71 1 7 71 3 49 82 77 15 2 74 69 5 63 31 87 13 6 80 97 44 29 37 68 17 99 86 98 82 65 96 90 8 98 85 1 91 47 24 96 84
96 85 23 46 20 15 72 39 17 43 81 68 98 35 72 45 39 96 73 15 55 16 28 13 57 8 35 97 57 41 99 91 41 20 59 16 24 72 39 37
52 59 48 44 97 16 15 68 82 40 68 5 27 18 12 55 24 29 8 92 98 41 31 52 48 37 42 29 14 8 10 93 29 31 74 63 78 35 56 4 38
100 43 6 90 53 12 90 1 73 93 40 91 83 34 59 69 98 15 28 60 71 87 47 98 99 92 54 53 18 63 59 6 78 31 64 84 50 82 2 39 78
100 90 72 44 85 11 89 57 6 50 39 54 36 33 86 51 1 12 21 81 19 38 13 37 71 58 69 8 47 30 14 98 65 84 8 79 4 86 2 88 44 98
66 57 66 45 29 63 14 13 82 33 50 36 85 84 100 97 68 12 3 11 54 23 51 92 29 77 67 70 42 70 32 100 38 91 21 93 32 3 42 13
42 42 34 63 54 41 37 31 14 9 62 33 56 47 46 22 44 97 62 36 16 94 43 52 83 88 37 30 53 35 93 80 3 99 96 61 94 38 22 34 23
80 100 8 22 32 74 93 4 24 36 63 68 6 12 35 32 13 66 79 66 75 76 15 21 1 81 67 3 45 44 50 46 100 69 80 22 48 56 89 11 25
43 69 2 37 56 96 50 50 11 67 1 95 34 41 30 75 59 45 51 89 18 97 100 86 20 28 11 9 68 78 45 41 30 88 46 98 26 87 65 74 62
5 16 35 36 63 72 13 27 74 32 98 21 9 8 66 51 13 5 57 61 12 47 92 20 41 16 3 50 8 84 86 42 58 35 11 89 59 75 13 13 12 25
83 60 13 83 51 92 63 52 63 43 36 41 33 50 20 69 43 73 32 100 21 22 66 24 80 14 15 65 16 44 49 18 6 95 46 13 89 45 18 68
38 91 33 39 60 33 8 8 62 98 70 17 48 39 88 48 44 93 95 15 17 82 58 92 14 71 78 54 53 92 45 50 84 92 32 20 98 31 22 85 68
2 55 94 10 58 90 88 88 81 77 64 5 82 66 41 83 72 7 53 59 2 26 84 56 26 91 45 31 65 18 44 97 64 49 40 24 85 82 58 20 79 3
94 83 51 35 3 69 96 9 43 82 32 59 92 54 54 52 58 90 87 40 17 69 32 46 79 25 37 93 76 61 33 84 30 68 87 51 28 60 69 58 19
54 48 25 81 18 60 14 42 7 57 84 12 91 79 37 70 58 58 59 41 49 39 16 16 75 24 39 30 52 59 76 26 45 6 51 95 39 98 94 2 40
63 37 94 57 44 7 50 70 92 55 49 85 76 60 35 82 59 27 32 65 33 74 88 72 60 39 15 39 98 79 74 14 48 97 73 91 99 66 75 98
91 14 85 30 96 19 88 1 100 23 15 23 67 28 92 25 53 23 83 17 64 37 61 35 62 58 79 23 77 4 32 62 46 4 91 2 92 37 39 29 55
70 53 54 2 15 67 40 13 52 84 85 91 24 72 3 19 32 87 2 94 77 58 45 59 65 9 95 11 3 27 66 60 97 68 30 97 58 17 84 19 18 3
11 75 69 50 69 1 93 33 96 1 59 80 39 4 57 62 59 14 71 69 23 63 92 34 71 84 5 50 66 25 28 27 87 25 91 84 42 58 31 42 89
90 100 56 69 63 99 90 32 72 19 32 8 28 27 53 69 64 97 57 38 53 27 92 33 48 18 98 6 87 64 72 41 94 27 31 87 94 85 49 28 5
99 85 90 79 18 72 49 57 24 42 78 84 3 10 9 13 58 16 31 29 85 97 56 80 57 56 92 54 89 47 13 66 13 12 93 71 16 24 57 93 96
3 73 43 4 6 92 39 56 73 32 38 21 91 47 20 56 77 25 36 83 49 54 58 31 85 20 2 90 23 94 62 65 98 53 12 74 58 12 70 55 34
91 67 39 100 96 47 10 15 29 30 17 61 90 9 88 31 12 90 56 66 60 52 65 39 62 36 56 20 14 23 59 18 64 27 46 67 44 48 95 86
97 69 49 97 95 60 21 30 80 1 21 42 16 86 94 56 21 15 28 7 22 77 29 82 40 8 3 1 64 44 41 1 84 88 28 72 44 35 33 20 65 45
51 62 88 8 19 27 2 96 80 31 76 65 40 2 79 37 74 44 22 6 74 13 43 77 90 14 84 9 96 35 86 71 28 22 37 79 41 56 24 33 44 64
25 77 76 65 4 25 86 82 51 42 29 37 33 95 15 19 53 2 46 92 72 19 97 14 96 38 83 45 51 5 66 70 47 72 29 21 75 78 29 57 60
5 98 30 59 58 74 15 54 46 43 70 46 81 6 98 43 6 85 12 56 55 8 42 67 24 88 83 26 26 25 63 27 38 2 72 84 69 1 75 27 54 40
78 81 73 66 83 60 94 31 81 91 93 71 50 6 45 28 82 2 71 15 59 78 94 44 74 45 61 54 86 24 66 16 24 49 6 31 67 69 94 14 42
79 1 83 28 22 96 53 40 49 63 87 1 95 72 88 93 82 23 49 59 93 57 56 19 69 74 71 32 56 47 52 68 97 12 52 95 48 8 72 29 83
79 68 54 100 45 23 1 42 37 96 64 98 15 55 80 81 92 79 13 79 12 36 58 96 55 1 63 61 13 32 11 55 51 43 64 51 68 91 78 5 20
73 41 7 32 73 23 54 91 22 94 4 38 75 90 61 48 52 100 83 20 1 100 66 75 44 9 18 29 63 51 44 8 37 36 72 18 54 3 8 25 30 7
26 36 19 93 95 24 55 18 96 44 83 69 63 71 83 16 20 25 24 72 39 93 20 74 13 14 50 38 38 84 65 89 72 86 99 31 3 7 59 6 66
50 55 77 35 46 32 5 32 35 48 79 81 71 38 48 10 58 62 41 48 9 28 2 96 57 23 55 96 52 71 55 35 37 68 29 98 94 6 4 36 71 49
30 94 74 54 93 35 69 29 30 35 76 67 12 45 60 48 34 59 61 77 25 18 93 74 21 75 86 6 77 95 70 10 53 40 17 54 81 88 88 88
41 31 21 5 14 59 20 12 67 16 97 79 88 34 91 90 52 14 13 32 80 57 52 92 62 12 90 20 4 1 66 85 82 91 84 72 36 9 20 81 3 66
15 54 36 33 86 3 43 60 24 88 94 21 51 13 59 17 99 17 74 74 23 54 24 4 9 58 86 29 60 71 14 37 21 89 53 90 35 81 5 92 52 2
62 77 90 64 88 56 66 36 11 20 76 51 96 89 96 20 16 98 13 17 96 34 17 26 44 72 49 76 16 47 91 13 16 64 74 57 63 88 73 39
40 9 28 42 70 63 64 66 43 40 71 83 52 61 96 15 47 65 13 73 2 37 10 58 64 98 97 37 34 82 1 8 92 26 24 57 73 93 79 27 73
87 88 65 47 97 54 73 44 8 58 47 27 93 77 57 54 87 46 87 45 17 42 64 7 15 39 63 74 32 63 24 92 87 94 23 28 94 67 64 38 1
32 46 84 88 56 90 50 79 30 99 86 23 36 78 37 81 2 72 33 80 45 21 67 28 17 78 36 18 87 88 57 24 80 46 1 57 19 40 1 78 12
33 99 44 79 96 2 42 72 85 9 68 46 50 90 14 88 17 67 18 82 68 61 21 25 32 34 5 41 76 93 84 57 2 24 73 63 64 50 96 49 21
63 96 76 3 5 65 27 69 93 52 68 9 71 44 11 91 90 55 88 34 68 45 24 29 78 45 39 75 78 61 78 28 94 17 88 31 21 97 35 52 61
68 76 79 9 64 35 92 34 51 18 54 33 97 45 42 9 93 17 97 76 98 94 43 80 83 54 59 52 42 15 24 75 97 12 58 1 7 96 13 66 43
45 72 92 96 89 90 17 77 12 34 18 72 13 56 46 45 66 59 96 96 23 12 37 64 38 57 58 28 95 80 97 57 31 91 22 6 3 40 73 32 3
73 63 50 60 45 47 51 28 43 48 99 88 49 69 61 24 54 52 76 35 36 84 81 53 40 41 20 56 52 66 7 99 99 39 35 83 62 73 18 35
11 48 64 46 22 71 18 8 43 79 57 29 62 14 16 68 31 19 40 95 82 92 49 29 12 14 17 76 85 57 26 17 66 4 1 7 7 29 94 7 69 59
76 16 97 4 97 70 24 46 83 9 19 78 46 7 60 21 50 78 24 34 6 84 45 8 75 97 96 77 91 17 19 89 69 16 1 2 29 59 86 36 17 4 86
49 8 90 55 38 72 62 86 22 51 90 52 89 54 60 46 52 45 58 79 72 80 66 82 31 88 25 6 40 43 3 35 68 52 42 68 31 14 38 16 22
96 37 19 81 63 47 8 49 73 82 15 39 25 73 88 73 89 11 57 79 71 75 15 84 85 83 28 19 91 66 13 37 6 54 57 2 64 66 54 93 43
53 32 20 89 58 28 57 88 33 48 63 10 2 9 37 32 16 63 30 17 32 97 53 60 69 51 39 18 18 76 24 26 91 90 39 74 28 70 62 78 86
54 10 73 100 65 83 76 23 17 32 31 67 48 47 43 54 41 40 34 90 59 73 98 20 80 22 73 71 44 70 59 8 61 66 50 36 47 37 22 91
49 30 29 84 38 10 46 53 71 74 50 31 54 1 72 87 56 18 46 36 44 70 38 61 94 57 19 82 60 47 85 19 20 50 95 93 44 31 70 94
16 83 40 56 25 67 8 93 80 80 30 34 69 33 84 95 65 50 58 99 15 27 15 41 6 58 80 22 41 10 31 89 54 17 66 5 77 73 21 87 45
79 79 34 15 68 100 20 46 13 89 58 8 59 60 79 83 37 90 53 90 90 67 54 3 98 54 47 61 25 20 19 74 11 59 63 75 67 70 57 29
51 86 3 95 80 13 78 75 7 12 41 94 36 69 20 88 72 6 33 41 79 84 70 57 32 28 65 15 13 68 46 41 14 63 31 25 77 2 54 85 68
18 23 17 16 91 81 41 46 44 48 41 48 22 76 96 58 44 65 10 47 31 39 3 36 62 38 69 43 90 35 62 68 36 73 3 65 86 3 45 53 43
7 30 56 21 89 44 25 25 74 81 29 22 96 55 20 41 14 16 86 21 65 42 56 54 3 52 52 73 95 17 7 78 54 3 83 34 69 69 66 93 17
70 66 11 20 100 26 63 5 52 69 8 28 85 46 56 80 29 29 96 37 21 38 43 58 52 16 89 28 87 99 10 49 60 43 38 97 96 54 48 87
19 97 79 76 74 40 71 28 49 79 44 53 21 64 97 2 82 12 8 58 21 98 50 91 55 4 88 62 37 16 23 47 48 18 57 100 59 33 9 32 53
67 65 63 77 43 48 23 4 26 46 86 60 50 59 45 47 48 64 22 4 68 70 25 20 87 19 50 78 45 27 7 11 9 54 19 28 6 83 100 86 84
13 86 20 99 67 98 33 16 19 82 93 71 44 62 14 1 4 64 16 40 9 41 77 12 68 21 55 93 52 45 80 7 45 12 77 50 61 47 76 60 5 47
15 64 81 73 18 28 29 92 76 47 31 3 7 89 82 9 38 89 70 79 59 34 3 37 70 33 33 50 17 31 37 75 80 71 57 59 84 11 45 76 11
44 57 16 19 28 9 11 1 24 65 22 14 43 7 62 28 90 42 71 82 58 79 91 90 68 71 47 57 35 49 25 62 89 52 45 51 84 20 38 39 100
93 60 25 71 16 81 60 64 74 77 45 57 100 67 78 27 65 85 16 44 88 95 35 1 74 57 86 50 16 92 94 83 62 35 53 45 79 15 59 75
36 52 13 15 84 71 47 32 34 94 25 81 59 18 18 44 100 41 64 38 13 87 4 7 52 15 80 38 35 8 40 83 4 53 43 9 22 46 71 64 90
77 32 43 30 38 69 66 75 47 90 15 29 64 1 43 63 15 32 50 44 44 81 44 38 19 22 6 19 2 20 49 17 7 66 26 16 35 42 43 73 2 19
38 71 79 47 52 51 19 9 69 4 2 44 54 54 98 74 43 54 70 67 1 75 99 46 61 9 13 38 24 72 20 15 22 29 80 40 88 28 52 81 50
100 16 63 38 80 63 91 80 32 85 68 59 93 13 40 41 54 31 93 67 6 45 23 12 79 15 90 9 34 37 58 21 7 53 90 23 96 38 74 5 76
97 58 11 65 62 81 22 67 95 95 46 89 69 37 84 90 20 43 49 45 26 60 64 46 40 31 45 26 30 18 85 63 28 51 90 36 69 20 71 59
83 35 100 87 37 43 2 82 83 87 58 1 92 69 65 20 39 32 24 98 11 87 37 8 71 13 78 86 55 61 1 62 41 34 89 30 1 69 65 38 64
100 71 99 7 91 1 87 84 38 40 68 13 53 100 72 98 21 53 11 67 72 39 41 11 60 42 96 63 69 90 27 10 24 28 21 37 29 35 63 84
29 81 68 61 13 56 86 41 2 29 95 29 66 26 16 34 13 25 19 13 65 4 32 47 52 14 96 4 31 100 85 99 73 60 46 75 62 10 51 40 74
100 31 6 26 74 82 26 61 96 86 7 4 4 22 1 68 39 8 92 38 96 68 9 81 35 94 25 72 85 39 63 35 73 85 57 44 27 8 75 83 21 44
76 43 90 40 9 8 97 54 88 73 22 1 66 62 16 20 73 44 7 77 42 10 97 62 31 97 96 29 85 72 90 99 92 97 14 95 68 31 15 28 40
68 71 72 2 64 10 57 47 33 53 37 41 51 98 11 91 39 50 78 12 40 38 74 28 46 47 2 28 10 33 47 9 35 63 28 45 11 97 59 90 3
18 4 23 14 50 70 21 52 16 22 11 31 61 69 87 82 9 82 86 61 59 44 50 19 33 41 58 91 74 87 90 94 55 50 58 70 43 73 86 80 47
6 36 84 96 75 90 49 34 22 34 24 33 69 12 3 18 33 87 19 3 94 40 11 8 34 32 88 55 90 2 30 99 21 73 76 37 18 12 64 28 23 8
71 88 40 30 99 97 1 22 76 78 74 23 93 72 69 42 32 17 63 7 29 68 100 52 35 82 1 89 10 16 72 15 41 82 63 68 28 24 79 73 6
17 84 84 100 28 98 57 58 61 94 15 28 89 39 79 41 42 88 34 40 49 6 89 95 81 100 39 97 5 39 2 77 98 77 14 13 64 94 27 53
44 25 10 56 6 37 51 22 49 95 82 81 80 93 81 73 8 53 58 6 48 56 38 40 84 39 46 83 80 32 49 87 32 6 7 39 41 6 36 41 19 94
94 9 57 48 26 15 91 4 62 8 34 95 85 72 92 64 86 10 11 21 31 50 63 75 22 56 80 23 94 75 8 93 25 84 83 79 13 48 82 52 98
97 55 51 47 6 40 14 65 90 45 48 65 98 32 71 64 19 76 80 61 16 49 48 68 22 3 15 59 33 21 80 90 55 47 53 76 27 9 63 36 48
20 58 46 13 90 89 12 89 56 76 65 44 88 51 53 64 97 56 26 78 21 62 31 21 69 21 32 94 16 1 81 63 82 82 48 22 24 3 30 1 93
28 70 6 95 38 79 65 44 69 83 59 5 33 36 60 90 49 94 61 92 6 20 7 59 45 61 64 99 48 27 91 43 47 84 56 53 33 87 82 69 39
82 64 53 64 34 19 14 88 96 45 1 9 12 9 77 83 11 28 76 36 27 36 37 61 14 80 10 65 31 29 84 77 79 24 61 61 20 34 64 40 28
30 47 9 41 40 37 35 48 1 56 90 4 30 48 80 78 10 42 8 87 36 12 88 74 52 49 95 34 61 57 25 88 24 66 72 68 68 6 45 93 65 82
92 81 75 48 5 46 16 50 51 46 27 30 75 98 92 49 62 69 17 44 36 14 59 19 5 16 45 98 90 23 34 77 1 27 31 48 11 71 72 20 54
72 36 26 31 29 20 17 98 41 85 22 41 11 26 9 52 93 100 26 66 52 65 96 5 28 48 41 96 77 16 94 9 18 77 19 47 21 87 98 35 36
1 27 99 64 14 3 84 32 64 42 96 57 98 92 76 8 28 63 52 36 29 27 49 67 53 58 8 100 43 55 41 88 34 2 35 
8
808 812
1623 1277
2902 423
3328 12
3347 155
3503 309
3812 33
3849 48
