9396
79 89 38 87 98 27 56 50 17 12 11 13 5 100 6 6 78 30 53 67 67 75 26 36 17 33 96 64 15 99 48 42 76 30 29 23 84 40 5 19 26
97 6 54 7 52 3 94 5 50 83 39 30 70 44 14 76 15 73 55 62 35 55 62 89 5 30 68 42 91 32 52 79 2 51 37 49 62 72 11 32 5 29
78 39 97 6 86 64 39 60 66 56 96 99 24 100 26 14 6 91 86 78 87 48 18 72 89 32 22 84 83 81 73 15 12 86 74 61 78 2 80 36
100 45 8 13 36 83 82 88 93 20 63 19 22 33 9 60 18 64 92 77 12 14 74 45 100 18 7 89 68 75 51 53 34 76 24 48 74 28 64 52
52 97 16 91 28 54 8 8 74 20 52 89 92 9 86 16 99 80 50 62 71 65 79 60 32 38 4 74 42 57 12 91 68 40 90 74 25 27 2 62 91 52
17 9 97 12 32 59 88 71 52 63 87 70 76 40 25 14 88 53 97 80 55 67 52 40 61 79 9 39 76 72 38 1 57 40 70 25 25 47 45 64 61
42 72 60 71 37 86 49 56 26 45 63 72 78 73 7 81 51 20 92 17 22 2 27 86 64 72 83 67 15 100 34 37 17 67 89 43 23 79 42 44
37 20 81 68 20 75 50 10 58 27 30 89 38 24 69 37 35 41 49 38 87 29 98 32 72 42 67 57 39 35 50 48 78 69 53 46 79 45 84 64
68 8 19 85 46 20 47 14 74 14 13 72 43 53 67 38 5 63 8 8 40 67 68 27 64 8 61 99 65 12 29 43 40 37 8 24 97 93 78 89 29 96
6 16 19 24 6 90 86 57 23 17 30 11 9 3 20 21 64 66 14 72 38 87 76 65 89 39 88 52 74 18 3 98 51 35 12 26 11 38 21 16 95 18
66 42 25 34 58 53 57 83 60 16 87 63 62 60 62 57 13 4 90 41 42 32 58 75 57 58 41 28 39 40 18 90 19 37 71 74 18 38 86 15
13 37 39 9 90 10 19 19 54 63 19 26 24 66 38 12 55 41 68 58 39 25 35 30 33 4 55 29 100 2 82 33 28 27 47 71 22 52 88 48 98
27 52 29 78 28 3 9 100 90 25 78 68 80 57 49 32 38 98 100 91 28 29 49 89 1 10 18 96 76 34 44 42 20 30 50 15 83 9 62 30 30
84 69 57 96 78 56 17 32 60 87 12 96 91 32 93 28 69 66 34 24 3 48 93 60 68 8 1 6 20 48 37 5 32 36 91 96 81 9 15 86 36 66
91 46 12 62 83 24 60 47 98 95 28 55 79 37 71 64 22 24 8 30 87 3 57 1 18 82 30 59 26 75 19 41 100 7 36 50 35 8 65 89 48
93 30 65 20 15 3 63 31 67 45 84 82 11 8 21 21 17 93 59 70 32 80 44 46 57 55 80 9 65 11 80 90 90 63 95 21 95 26 11 88 10
63 11 5 85 49 19 70 50 21 68 64 8 15 95 98 98 61 100 86 31 56 60 22 78 36 92 93 57 75 85 41 2 6 6 48 59 83 73 63 79 60
63 23 37 10 25 24 93 90 71 73 81 48 77 49 46 54 89 24 13 8 89 77 25 70 62 64 7 51 26 21 6 89 55 39 92 26 40 32 46 18 37
6 28 12 34 11 21 39 49 26 70 85 11 33 41 59 98 60 66 56 89 84 81 68 60 5 72 42 26 46 85 37 97 50 99 88 5 80 62 37 5 20
37 83 43 33 12 45 91 32 23 87 100 75 82 57 71 56 63 27 1 1 22 99 43 68 96 79 76 23 59 78 36 93 69 38 21 61 28 44 8 45 7
83 41 88 100 44 35 80 82 24 11 22 41 32 51 72 96 89 5 65 67 96 38 62 47 9 89 29 32 88 37 97 22 9 70 49 39 93 44 2 64 3
25 61 43 77 42 50 2 4 82 90 71 38 96 53 83 93 10 24 16 66 63 35 23 97 81 79 80 85 7 100 3 72 67 42 75 32 44 79 96 41 36
42 77 39 69 72 65 85 6 55 25 8 37 36 19 2 43 49 73 18 4 64 56 28 97 32 21 98 68 46 71 22 35 85 79 41 54 66 4 14 59 22 57
7 55 69 30 12 100 85 20 13 65 70 98 42 95 92 29 64 50 35 67 67 59 94 47 59 10 8 77 11 42 36 94 8 82 63 95 72 88 5 48 90
41 84 31 3 64 54 87 68 47 39 63 19 48 62 63 60 97 72 43 45 24 23 15 89 6 82 91 70 3 62 81 13 29 72 56 35 18 66 43 51 86
57 47 31 74 85 6 82 36 96 83 63 51 5 96 35 13 80 66 81 48 24 31 87 55 1 44 17 68 20 78 58 95 73 25 43 92 75 41 24 30 72
97 30 88 39 41 19 54 71 19 25 33 94 6 82 67 100 8 98 97 99 15 7 71 51 71 9 68 75 18 2 16 22 36 29 51 77 98 47 50 54 91
91 96 94 87 11 7 44 48 45 43 8 29 8 29 16 54 28 77 74 7 55 53 68 34 61 72 70 59 9 3 13 74 55 79 10 4 83 30 17 87 98 60
67 67 15 34 15 65 22 78 88 58 57 65 77 16 9 90 12 45 83 53 33 15 36 24 67 51 52 77 35 62 43 33 92 82 78 33 52 21 51 32
93 41 63 73 38 33 90 23 13 67 59 38 69 75 79 28 20 91 63 46 6 77 57 90 91 47 51 51 3 54 92 15 5 99 85 52 81 47 32 89 70
85 55 41 53 18 91 72 99 48 17 41 7 20 75 55 95 50 16 95 13 56 17 36 87 64 43 7 88 50 86 38 18 91 53 39 49 79 93 90 2 46
92 76 65 6 2 88 5 28 99 69 9 78 97 57 96 52 33 65 63 44 68 76 27 21 40 14 78 59 68 87 34 82 10 58 93 63 25 93 73 16 30
98 8 100 36 11 88 80 95 30 12 35 71 73 27 15 59 86 15 25 57 79 67 34 58 84 21 49 13 38 46 70 92 25 92 68 87 33 43 27 29
59 93 55 75 3 75 2 56 13 40 14 59 89 32 80 47 76 15 78 5 46 50 62 32 38 67 20 58 21 20 52 7 99 65 2 15 7 15 17 54 34 18
34 11 15 19 79 67 62 55 62 51 75 39 44 48 98 40 100 88 62 53 61 66 47 45 34 48 53 58 7 72 58 35 5 57 100 38 67 8 41 43
47 83 31 70 85 91 37 100 22 50 55 20 69 48 70 87 95 37 65 34 66 4 99 62 70 92 79 34 20 68 37 89 63 42 92 59 27 89 49 86
92 75 98 93 45 6 4 57 7 23 95 37 10 57 21 8 38 68 78 19 30 26 23 8 70 32 16 9 68 98 72 74 50 4 41 82 55 60 50 22 28 73
14 96 81 55 59 31 76 58 87 20 58 89 70 89 25 24 92 58 3 61 94 20 26 4 89 41 25 38 4 59 70 60 52 63 32 78 61 18 21 22 79
10 66 59 50 42 92 14 48 8 8 100 90 84 86 16 59 72 45 45 44 55 10 15 55 41 60 90 64 21 9 47 70 49 76 35 76 25 51 51 44 84
75 66 20 43 26 23 21 44 65 3 40 26 84 23 85 59 96 3 15 84 84 49 60 85 23 13 20 21 41 67 8 1 20 79 89 65 96 46 72 68 80
77 24 100 84 91 92 29 60 53 58 44 89 74 25 46 79 29 8 99 75 65 24 33 88 11 44 20 6 8 72 31 62 24 83 10 41 88 33 79 32 40
98 48 9 63 77 23 12 83 50 62 89 66 16 26 38 14 18 82 24 74 20 64 60 58 57 75 60 82 61 1 52 20 74 33 71 98 28 5 27 3 98
86 18 85 7 61 82 12 98 82 67 16 98 8 36 13 31 27 89 92 38 6 72 13 79 81 80 75 49 100 46 1 67 7 11 19 7 34 31 49 36 64 67
49 89 91 12 63 100 10 83 30 61 91 77 7 72 22 20 65 46 48 47 17 17 18 71 99 10 48 76 78 45 9 28 89 20 1 23 78 97 73 19 17
38 80 90 74 2 23 90 81 86 89 61 59 29 42 23 18 17 61 6 9 72 83 29 49 1 81 61 60 97 91 44 29 64 57 23 10 56 77 51 95 24
10 100 63 42 75 67 19 25 27 46 83 18 77 95 33 10 12 38 47 76 73 23 77 25 34 48 3 86 71 15 25 89 64 76 21 41 49 15 7 84
79 77 4 30 52 82 76 76 26 78 93 99 5 20 62 28 18 9 38 1 1 33 38 89 31 66 17 45 29 98 13 83 36 46 16 48 46 61 95 23 95 45
48 5 25 47 11 24 46 70 89 84 31 42 52 32 39 56 31 58 62 61 2 98 36 93 24 9 26 37 77 7 10 32 23 90 92 63 100 10 70 36 85
83 90 98 51 2 15 84 59 21 16 95 26 61 29 98 98 73 40 57 71 8 85 94 73 19 75 73 47 59 38 21 19 83 97 20 80 7 92 76 93 65
80 81 96 39 24 49 55 38 32 90 68 18 46 51 76 88 84 60 89 29 41 95 77 84 4 77 71 31 42 10 66 18 97 87 84 70 33 42 96 98 7
24 5 97 50 67 19 24 41 61 85 69 12 53 72 60 11 73 3 18 73 30 60 17 7 77 87 5 55 78 15 21 48 63 33 93 32 10 22 35 26 52 9
43 23 43 33 50 19 87 16 40 9 38 40 34 62 58 1 39 88 8 6 26 28 94 69 9 94 84 28 81 57 44 65 43 82 2 46 51 31 8 79 56 13
55 30 84 35 66 21 58 50 31 87 41 97 17 16 91 14 58 95 19 72 14 82 81 68 40 73 61 55 28 88 24 58 78 31 11 69 15 52 84 94
77 7 95 97 30 51 65 89 34 66 5 22 90 87 65 63 59 60 20 16 62 2 70 44 70 21 15 68 91 49 86 88 2 71 43 56 79 6 52 15 86 37
62 60 7 69 6 93 93 61 34 1 55 50 31 55 3 54 34 61 75 1 52 67 44 18 81 56 81 44 5 92 97 20 74 20 39 8 66 95 4 62 26 54 95
15 59 50 29 36 25 27 34 71 34 72 84 55 2 83 31 41 6 71 87 59 89 68 79 95 67 89 27 37 1 39 9 46 30 26 52 61 70 94 17 52
24 56 95 16 65 56 6 10 76 9 5 62 100 48 74 22 7 58 42 72 93 33 42 14 28 47 72 11 12 30 48 95 82 8 20 91 83 39 2 79 71 42
77 1 11 58 34 70 88 55 46 37 34 19 93 4 41 29 2 56 8 20 38 57 92 75 35 26 7 61 2 7 38 46 89 68 69 56 91 99 95 8 17 91 22
49 44 39 5 16 25 58 29 99 96 97 41 35 24 88 90 45 39 18 11 72 96 67 14 69 19 96 40 45 25 50 12 72 88 44 36 55 48 83 23
87 34 32 19 6 67 61 87 87 93 66 25 77 61 14 83 54 52 30 47 30 65 77 25 43 24 43 57 59 1 90 31 9 55 1 24 86 13 56 90 32
75 100 11 65 11 9 55 29 62 8 16 62 17 54 19 14 66 95 46 68 100 62 88 64 20 53 54 99 72 91 4 22 42 95 15 84 91 17 74 16
58 39 27 42 57 40 58 29 39 60 45 50 91 85 11 52 84 64 59 43 14 37 48 67 66 4 39 30 22 92 93 26 88 98 16 34 45 63 25 65 6
71 84 48 35 10 15 45 41 89 20 40 66 6 51 55 66 90 21 54 61 87 23 28 96 58 34 22 38 83 40 81 89 4 69 24 89 40 37 84 9 29
81 23 48 70 24 32 47 18 67 81 54 58 5 49 37 2 3 37 46 72 64 49 1 78 29 44 68 45 79 8 32 67 34 44 64 53 27 12 65 99 38 83
19 26 98 13 36 19 77 45 27 70 12 54 29 57 36 1 52 60 44 49 48 51 79 59 82 87 21 22 35 67 42 52 39 1 39 72 37 80 14 92 44
41 100 30 51 63 74 46 85 37 62 51 82 38 44 35 59 88 41 63 18 18 11 100 3 36 51 95 43 42 64 74 89 49 69 60 16 97 39 49 55
24 5 55 81 56 52 97 30 16 71 57 10 1 96 30 17 12 98 77 7 33 40 65 55 18 66 33 75 81 82 12 34 37 25 16 27 72 65 21 6 79
52 26 42 83 55 51 78 87 25 2 56 12 26 35 68 88 4 27 97 59 41 76 23 20 59 31 65 99 42 79 73 45 12 94 99 5 43 31 59 39 35
66 68 15 62 34 94 31 58 57 50 38 7 17 33 97 34 2 95 44 82 99 79 30 46 59 1 83 95 1 31 18 80 62 76 83 68 72 71 27 65 79
69 35 35 34 12 20 39 63 4 52 10 48 58 2 78 19 79 12 89 75 46 94 53 61 99 64 48 73 49 48 8 73 39 78 87 100 92 33 25 69 69
90 19 43 79 65 53 37 94 25 63 31 76 61 78 80 15 89 69 43 31 94 15 28 4 69 13 75 61 100 85 85 49 75 91 44 15 48 66 34 81
81 30 30 49 41 21 29 33 46 29 88 73 46 95 63 51 83 30 95 35 13 26 17 53 43 75 3 21 29 89 8 45 28 10 68 90 37 77 46 60 21
14 17 16 22 27 34 77 74 78 28 11 36 44 91 49 1 51 11 93 21 55 25 26 92 36 52 49 36 55 62 98 63 66 78 78 91 91 42 6 58 77
97 59 41 12 23 21 49 51 54 59 40 11 9 64 22 37 20 76 88 97 6 52 3 7 39 17 93 4 18 17 100 3 32 21 41 57 51 16 8 62 54 63
67 34 26 50 45 56 74 38 84 7 88 69 66 86 47 44 29 54 70 7 56 28 67 28 42 12 97 98 26 74 23 53 16 35 42 57 50 76 67 35 51
35 30 23 59 96 87 91 85 16 43 64 85 72 42 16 5 44 92 9 90 38 15 10 49 6 56 64 32 41 2 51 95 64 12 43 39 47 27 98 99 42
47 35 67 70 35 42 38 69 81 83 64 45 72 73 12 100 65 12 93 90 25 6 31 7 16 92 57 96 83 1 89 80 56 41 40 100 44 24 86 96
43 21 53 28 72 69 54 40 59 5 13 25 90 65 83 30 56 71 43 34 91 92 45 91 10 50 85 28 66 80 35 84 46 66 57 32 85 80 8 75 88
91 57 44 14 47 27 41 31 88 49 39 62 8 77 79 95 37 80 12 65 52 90 2 94 35 67 91 71 2 88 100 19 25 52 65 61 39 39 38 78 98
12 6 29 68 55 94 37 7 69 22 41 30 16 49 99 64 24 6 32 13 76 44 49 35 27 14 46 15 39 88 87 66 39 34 60 80 41 19 7 4 35 27
26 53 31 17 62 92 31 53 10 38 47 14 77 11 38 48 47 47 47 100 84 80 87 65 39 48 93 7 90 83 83 87 3 10 89 15 74 72 9 96 90
94 100 86 27 35 12 91 66 73 27 44 13 55 8 33 65 92 53 16 76 17 96 18 33 19 36 46 20 68 89 47 52 92 85 85 67 100 77 11 48
34 51 8 76 92 37 19 43 72 19 54 23 65 35 64 12 18 30 47 6 71 48 58 72 40 61 42 94 61 34 68 65 87 87 91 99 3 95 16 17 81
62 40 19 41 16 81 91 21 81 9 2 14 45 72 69 30 19 41 7 79 43 25 40 83 27 1 85 67 97 46 35 82 98 6 62 58 33 88 64 82 39 24
84 1 81 55 68 86 81 7 6 50 51 12 98 54 79 30 99 41 3 38 1 18 30 8 30 67 13 95 81 88 67 85 98 19 32 37 41 97 18 64 63 17
59 84 7 92 87 92 39 93 87 12 78 67 84 67 38 46 10 56 19 47 60 20 14 45 37 92 68 37 86 38 27 21 10 32 79 89 35 64 47 10
54 27 7 77 67 71 19 68 16 85 89 20 44 3 79 63 12 2 24 72 80 8 13 98 49 9 82 13 72 16 38 13 19 21 32 26 19 71 31 16 52 92
45 29 18 60 54 80 82 32 59 5 22 11 53 39 7 72 59 17 64 43 37 2 23 69 53 35 80 75 20 88 86 10 21 76 94 75 25 57 23 46 71
68 3 61 40 21 13 23 47 64 76 22 79 4 29 6 73 45 26 44 97 57 45 80 30 83 59 3 86 34 78 4 81 29 3 97 97 44 62 55 2 86 76
72 12 4 59 30 74 83 85 21 47 30 18 36 48 32 91 92 28 30 92 78 20 64 30 48 68 19 43 80 48 75 25 2 64 46 29 51 90 73 93 30
73 57 80 71 91 43 9 7 28 66 52 36 2 58 88 13 46 95 48 46 48 39 25 98 16 73 4 6 14 23 34 8 43 35 15 56 42 38 61 47 37 33
66 45 53 70 49 49 73 67 32 57 24 98 66 7 99 82 47 63 37 37 48 78 77 67 73 29 62 6 99 36 95 37 32 47 90 79 61 63 23 77 91
84 98 49 42 66 17 48 35 75 41 23 51 53 4 22 55 41 59 44 55 51 82 11 3 53 53 91 60 31 8 91 62 57 3 62 78 54 26 64 12 67
56 34 51 88 95 84 48 15 37 46 41 12 19 26 94 2 25 78 82 58 66 21 37 62 58 11 15 56 27 50 9 22 23 41 32 28 50 8 81 33 91
86 49 25 61 24 22 51 80 22 56 7 31 44 27 89 41 11 83 10 55 30 71 43 41 24 98 72 9 83 81 61 67 79 79 33 44 78 62 24 84 48
96 91 18 80 64 32 10 58 48 51 99 79 29 26 4 87 9 96 25 25 6 17 75 42 79 53 76 43 16 86 62 77 55 25 55 89 13 36 2 32 29
28 9 30 87 6 54 2 50 81 1 82 60 23 92 93 93 55 22 81 44 35 38 76 53 78 27 74 26 58 17 30 53 48 79 22 6 93 12 89 27 70 50
45 68 96 69 37 25 94 93 57 83 60 99 13 63 52 5 8 90 56 74 78 30 64 32 28 98 25 58 49 53 91 10 90 97 36 64 99 24 43 77 46
52 32 2 12 39 10 5 50 42 3 67 62 99 59 69 92 70 76 16 80 20 25 39 87 64 35 39 30 20 53 15 30 12 49 71 89 38 61 32 97 9
35 22 13 71 17 68 50 31 64 37 100 41 56 8 50 21 45 87 30 98 21 82 66 7 10 66 48 89 67 73 89 68 59 20 27 68 39 59 53 40
34 46 76 82 91 82 27 35 9 12 35 50 74 6 45 44 50 19 58 10 60 8 18 30 57 24 4 29 92 42 14 30 30 91 60 85 58 40 71 6 73 85
13 33 40 91 68 40 11 65 58 66 47 25 55 56 100 12 93 90 17 71 76 65 76 32 44 8 77 86 62 64 23 80 85 53 88 90 79 74 63 29
55 82 16 17 49 37 39 54 12 51 9 4 52 7 88 9 49 12 93 60 84 2 81 7 1 39 65 2 37 70 16 39 87 76 4 55 67 2 39 79 55 63 100
4 62 63 50 1 14 30 46 26 96 98 33 35 39 76 32 7 72 90 72 87 10 78 70 55 18 95 17 99 81 40 83 48 65 91 41 81 90 49 50 61
55 80 28 15 66 42 20 6 5 39 32 76 94 2 98 2 22 35 63 89 62 61 73 6 98 3 95 41 55 56 68 24 89 11 99 97 62 15 18 86 31 55
96 40 16 6 73 14 94 38 54 95 74 22 67 72 73 96 18 21 24 97 69 36 13 32 32 31 7 9 88 19 44 46 48 41 41 1 67 37 3 77 10 99
61 99 32 6 13 58 76 16 77 66 7 68 60 58 72 70 2 94 69 65 68 64 96 28 12 46 78 59 73 100 63 98 84 52 4 78 87 56 71 31 91
49 38 64 90 54 11 30 17 8 86 21 25 71 99 52 17 67 44 54 16 78 73 95 73 93 60 42 75 3 100 10 32 25 17 8 70 8 20 3 2 69 77
2 45 6 7 63 28 79 1 20 3 84 88 80 38 98 96 1 92 62 43 61 6 61 32 20 77 62 29 72 68 3 2 52 52 35 7 31 13 45 8 17 26 33 15
79 90 12 30 32 95 65 76 20 24 55 39 13 38 23 13 10 11 44 68 16 8 94 58 89 53 47 41 59 47 5 88 65 41 33 76 85 92 26 91 50
62 78 39 22 30 57 59 25 95 31 71 33 87 36 49 9 58 80 77 24 20 90 37 2 83 14 18 74 70 78 12 20 48 34 72 88 57 24 41 61 48
43 64 15 81 53 45 42 34 68 63 35 29 1 56 22 49 91 63 46 62 40 31 46 42 27 21 65 11 53 45 65 67 78 54 30 47 4 40 97 76 43
24 84 24 65 75 48 37 8 63 38 4 13 39 32 33 81 6 99 91 36 36 35 54 7 85 75 73 73 7 79 84 61 47 32 31 40 31 13 89 86 95 13
79 12 82 90 43 76 56 6 14 32 98 25 99 86 42 53 27 93 30 13 98 14 12 18 26 50 40 57 12 43 66 95 20 62 46 11 38 27 66 28
43 82 83 75 37 38 92 36 84 76 41 6 6 90 44 70 54 52 26 60 58 84 68 16 90 6 36 52 57 100 32 7 31 41 83 63 28 49 96 48 53
21 44 89 33 81 22 88 31 13 37 93 63 18 30 29 71 42 73 93 80 46 59 14 54 53 94 67 33 18 5 58 2 89 94 97 22 19 47 49 41 26
29 74 23 51 48 61 73 50 31 89 79 74 27 53 55 16 32 1 66 89 36 65 90 87 65 63 20 44 18 88 7 39 38 73 35 5 20 100 64 47 15
10 7 74 2 29 79 79 56 27 76 30 76 38 18 36 3 43 17 20 23 25 18 59 7 39 37 10 68 82 25 5 93 14 58 95 50 25 14 69 68 13 4
89 5 83 17 27 98 12 17 95 95 49 62 86 18 67 99 92 92 76 52 31 97 58 38 29 43 5 20 19 22 97 53 6 72 42 60 89 72 83 54 61
65 47 38 17 17 27 16 53 35 45 1 89 79 62 30 60 64 78 16 20 36 29 79 89 28 46 59 21 34 25 21 98 78 43 63 68 53 57 64 19
17 66 83 40 10 33 30 60 13 79 70 14 88 14 34 18 89 56 86 40 21 51 39 34 89 93 48 78 99 2 84 24 39 37 35 28 4 52 94 17 55
56 84 17 51 56 3 41 100 62 44 61 75 56 51 82 90 26 91 32 93 62 2 58 40 80 60 20 43 83 31 32 73 45 72 94 65 31 52 3 53 78
34 17 93 59 1 76 70 89 13 9 12 100 20 8 41 70 35 57 9 78 71 63 16 87 94 48 6 62 63 30 39 24 95 36 30 27 73 61 20 6 89 5
72 61 32 9 33 48 28 62 60 65 72 51 38 24 96 64 74 46 63 79 98 6 36 85 88 77 51 18 13 74 1 30 93 78 80 91 52 68 47 40 45
27 9 25 50 15 36 74 97 63 76 6 22 70 29 84 70 97 63 93 28 76 86 17 54 4 67 21 15 36 47 46 48 18 50 31 54 97 14 29 95 73
46 91 8 55 6 90 43 50 22 67 53 84 27 77 69 50 22 19 53 84 64 49 93 12 7 19 82 88 12 78 4 32 57 87 24 42 62 91 45 98 19
25 77 38 21 4 85 63 71 100 47 6 56 60 68 49 88 87 90 39 60 60 27 27 94 16 17 58 21 26 78 47 5 9 16 47 80 26 53 22 99 38
96 64 21 4 53 63 5 24 31 54 82 63 34 19 95 3 39 67 41 16 60 78 82 85 72 22 92 60 95 100 83 64 72 49 32 61 44 88 51 79 49
82 63 92 83 72 86 13 66 69 40 16 57 47 22 43 35 91 84 97 21 5 58 82 88 46 32 90 45 29 29 63 47 18 87 87 43 82 10 84 79
80 19 79 70 5 91 93 13 38 9 22 36 8 4 24 75 65 10 83 15 86 31 87 77 78 54 15 10 44 3 14 90 33 49 48 15 13 78 62 93 72 38
43 28 59 13 70 38 84 94 9 76 47 1 33 7 74 71 25 96 24 97 73 30 99 55 52 88 99 60 29 55 64 12 95 61 8 89 52 60 39 87 64
62 95 27 11 2 31 67 100 13 8 72 7 91 27 13 78 41 23 12 20 4 43 19 78 23 48 17 34 1 88 66 75 6 72 17 83 86 40 74 81 53 56
1 38 70 12 38 15 41 97 18 25 43 75 6 10 22 50 11 12 30 29 55 22 92 8 64 96 22 45 7 4 48 10 15 88 6 85 51 50 30 92 78 34
84 14 90 100 82 8 53 98 54 17 97 94 9 15 35 17 70 47 83 36 22 16 46 19 99 21 36 40 15 9 64 6 92 51 95 62 90 96 82 32 38
69 77 71 27 95 1 40 10 17 45 85 70 71 10 25 54 73 52 12 35 40 65 81 67 55 28 84 100 19 94 62 17 39 71 36 46 2 8 80 48 67
46 68 6 43 83 57 42 19 4 59 83 81 27 99 51 89 98 21 26 41 37 13 96 41 58 70 60 30 16 45 85 61 6 80 60 52 17 87 20 98 80
69 4 48 56 55 39 9 61 86 50 94 64 15 45 2 59 32 8 40 23 3 63 20 53 38 94 26 41 18 47 51 67 17 16 48 47 7 4 31 60 74 18
69 33 81 95 47 82 51 42 43 94 10 37 47 78 86 86 68 65 28 47 44 62 75 100 82 72 66 32 88 60 58 95 39 14 95 91 75 98 74 9
42 94 5 16 26 22 35 73 7 51 48 5 11 88 37 52 78 7 48 63 54 89 9 77 60 50 26 44 6 20 10 87 28 86 46 27 77 36 14 11 47 54
42 29 15 75 8 64 40 60 61 39 64 10 32 28 64 65 76 59 36 67 95 66 22 74 20 2 37 57 74 92 3 74 70 41 89 88 74 72 71 48 41
38 27 40 47 8 62 79 14 18 50 33 48 47 28 74 99 38 1 25 56 80 49 71 31 19 40 58 83 15 40 6 88 28 69 83 57 9 60 69 9 92 39
83 81 54 53 34 19 83 18 7 27 10 35 98 15 43 32 31 22 39 51 13 78 64 9 82 86 79 20 41 15 10 95 60 87 43 95 54 45 91 30 8
7 4 14 53 73 76 93 64 56 30 52 99 55 26 83 70 99 21 90 57 70 7 38 14 90 18 28 87 63 48 51 48 46 81 18 90 97 34 28 77 88
62 55 52 83 39 96 54 24 61 80 95 84 16 25 50 49 7 17 24 74 30 73 71 58 64 2 92 19 30 28 5 23 25 55 22 19 71 98 36 20 97
45 37 83 8 11 88 24 54 90 9 98 72 86 72 19 19 20 71 63 35 29 29 16 4 49 78 9 72 96 9 59 23 40 43 57 59 21 7 32 51 58 42
23 62 20 47 86 28 58 19 85 94 67 80 76 55 41 93 62 60 31 24 90 37 6 75 52 38 21 32 33 37 26 19 33 81 34 34 10 64 85 88
98 42 71 75 99 66 31 50 26 15 93 47 53 52 82 98 75 92 21 66 74 62 95 92 33 64 100 3 28 31 36 27 32 75 16 42 44 29 58 73
53 83 17 43 47 16 18 97 45 22 12 18 12 40 74 86 73 52 27 82 95 25 53 75 48 78 66 61 15 80 40 14 32 59 99 72 5 21 44 79
40 59 39 12 50 72 34 67 98 48 10 73 4 6 94 43 74 2 22 3 21 75 23 37 17 96 91 41 38 79 41 55 59 3 96 63 73 75 34 33 1 4
97 66 87 18 16 89 98 100 47 89 30 10 19 46 77 60 38 66 71 82 77 48 69 59 85 69 52 15 93 55 64 41 72 37 7 49 31 17 33 63
65 22 25 84 54 58 5 71 19 61 35 69 44 67 76 42 26 63 76 97 100 69 44 62 4 88 81 34 62 93 77 11 88 79 94 19 6 76 51 64 39
16 91 58 49 77 71 44 69 100 80 65 14 99 82 83 52 29 44 79 54 18 75 97 97 92 14 1 57 3 37 55 88 8 75 99 70 87 2 38 96 6
73 11 1 66 92 33 48 60 56 98 4 81 52 100 19 96 77 51 72 9 21 85 28 56 66 14 13 15 33 60 90 77 35 82 39 16 96 32 45 71 67
13 10 5 42 25 50 40 6 46 70 90 57 89 71 57 88 1 18 79 8 5 56 83 4 56 5 63 24 87 18 55 6 70 100 78 10 27 31 32 34 76 34
68 99 71 3 71 62 77 47 26 71 49 60 98 83 68 51 74 22 70 99 19 79 14 12 92 65 58 57 59 80 22 39 56 1 92 90 14 11 34 86 72
30 69 28 35 82 93 45 77 57 9 68 45 14 77 60 39 41 95 4 54 21 36 18 91 10 16 3 25 16 76 53 34 81 40 88 77 33 88 98 28 48
1 2 86 39 35 97 91 56 97 28 21 64 14 35 96 17 61 62 40 53 95 65 34 36 10 46 33 54 50 28 24 45 14 8 90 96 80 87 73 20 49
42 11 38 19 50 51 80 77 48 29 61 91 5 82 79 16 56 7 66 53 45 91 7 83 62 44 100 44 33 67 15 26 53 21 62 85 42 52 66 20 84
34 69 8 60 28 62 41 49 98 63 90 50 11 57 64 5 37 65 42 5 75 84 80 29 67 13 86 40 27 74 81 50 91 8 10 33 58 69 22 34 55
45 13 50 87 33 82 24 64 83 92 97 44 86 28 47 92 31 80 20 29 14 100 91 42 51 12 13 51 52 30 93 6 91 90 31 27 2 12 83 34
39 20 38 66 31 49 90 21 75 13 2 48 69 62 17 73 1 12 96 76 7 69 96 54 10 17 91 35 72 94 78 71 96 12 7 30 42 16 34 62 61 7
53 54 63 70 82 56 91 72 5 7 11 40 22 88 25 77 95 59 27 97 58 19 40 46 6 50 74 60 7 70 2 48 19 46 16 81 86 57 20 1 38 74
50 15 92 27 73 32 34 96 59 80 50 93 76 67 29 8 17 62 14 30 86 69 38 24 8 34 3 54 89 43 45 83 17 88 57 57 53 33 46 64 15
56 18 42 66 56 21 91 26 69 78 14 88 74 19 8 23 57 59 23 53 6 39 72 36 37 97 4 90 27 65 21 97 96 31 85 86 19 34 83 61 49
67 73 44 11 61 38 48 79 41 22 37 54 40 92 16 6 36 80 91 47 56 58 68 96 28 31 23 89 72 32 2 19 41 24 4 39 78 75 13 99 6
49 40 91 43 51 23 94 7 74 65 18 43 75 24 13 41 64 30 49 26 2 5 94 57 34 65 36 16 10 82 66 81 12 55 1 29 22 47 25 81 86
44 58 70 56 73 87 34 56 26 1 33 45 50 86 62 81 86 5 28 6 25 19 82 8 14 84 43 79 26 24 58 12 11 20 56 62 7 20 100 6 80 64
25 22 33 60 49 46 44 73 98 93 63 42 77 1 52 51 14 60 58 10 62 11 26 84 30 51 59 50 90 50 87 29 82 96 82 36 92 28 82 42
17 55 80 32 50 95 5 12 13 12 37 20 6 24 74 26 4 65 35 69 96 2 16 82 72 47 29 56 93 9 5 66 47 10 96 4 86 73 30 17 18 59
69 20 97 78 91 25 94 15 40 36 98 56 62 77 86 43 62 42 63 74 60 2 6 59 31 47 76 48 31 52 39 53 100 21 72 43 24 87 67 65
30 55 89 80 22 51 81 84 69 78 19 87 65 18 27 95 17 96 69 36 83 79 50 38 52 21 29 68 22 79 85 51 45 31 52 72 7 17 85 42
22 19 91 23 76 94 49 89 51 99 75 56 15 87 71 75 91 52 82 88 48 4 74 90 86 31 11 42 50 93 82 2 45 29 86 54 6 62 78 5 99
29 36 49 70 36 28 86 23 62 2 29 39 64 95 40 99 52 51 75 43 92 59 22 30 9 81 98 14 86 64 23 90 5 80 98 41 46 75 53 71 88
98 56 66 37 95 3 37 21 35 58 53 22 85 56 33 90 17 65 69 18 32 95 13 28 85 8 79 9 29 19 2 74 76 20 14 60 48 46 57 98 71
92 44 47 32 51 71 57 7 8 75 46 94 57 50 25 13 19 65 25 10 20 90 26 38 38 2 25 76 53 77 96 4 72 65 62 100 83 90 61 66 38
11 93 90 90 14 12 67 47 34 9 82 64 22 67 12 34 59 64 80 92 66 10 8 44 32 97 25 53 43 6 55 40 94 17 43 12 74 94 32 15 35
95 4 11 70 70 68 44 72 21 72 15 57 32 21 82 52 6 38 91 94 61 17 90 7 76 54 41 28 11 94 87 39 74 38 2 10 49 72 91 62 48
83 98 40 39 67 46 25 95 20 87 16 53 12 88 98 91 19 72 30 53 31 17 23 61 14 100 34 76 11 43 88 37 38 14 65 95 12 62 33 98
39 27 23 43 40 41 40 95 94 30 2 82 42 87 7 97 48 68 33 54 26 66 43 35 66 82 82 91 82 72 69 24 99 45 1 26 33 45 57 66 42
5 90 66 48 54 33 94 18 24 61 15 55 10 63 96 4 10 65 79 40 16 48 70 59 52 20 62 16 38 84 89 89 86 76 56 24 5 16 53 50 68
9 79 28 7 27 46 51 66 29 19 87 83 59 78 76 9 86 44 80 42 66 76 17 86 82 16 54 17 54 60 57 90 37 43 89 99 35 59 34 82 1
16 77 89 1 93 14 82 89 27 58 77 7 54 75 24 59 11 22 58 80 51 79 7 53 55 48 8 68 89 28 98 15 94 96 22 95 91 17 60 27 48
37 13 57 81 14 92 34 48 77 95 77 20 44 24 89 42 35 3 14 5 66 87 98 88 60 29 56 51 57 32 90 34 16 48 91 80 64 34 61 99 82
85 21 26 72 80 34 36 69 75 96 87 28 99 81 18 67 7 26 35 97 77 8 66 26 66 79 34 11 46 27 53 21 60 45 53 90 3 66 10 67 65
67 27 65 24 98 69 87 31 57 14 34 83 12 95 76 85 53 65 16 1 12 62 22 23 73 24 55 73 42 99 95 88 26 41 35 49 16 68 47 3 30
83 88 62 61 69 68 71 66 23 54 45 91 17 18 27 88 17 31 82 34 23 3 50 38 37 32 26 95 99 40 76 49 72 87 54 89 4 33 92 86 93
35 12 66 62 60 88 67 14 25 86 14 79 82 53 14 31 53 8 39 39 4 49 41 75 46 64 51 74 52 54 96 84 81 13 84 89 8 77 37 92 79
42 95 10 13 93 75 86 65 33 75 63 9 44 66 49 91 47 50 32 71 58 68 18 5 44 85 79 87 75 15 56 63 5 83 73 63 16 52 4 34 79
65 16 62 98 45 10 24 82 68 12 28 7 95 60 43 69 77 60 84 30 53 36 82 58 55 39 36 39 10 55 66 13 100 33 40 34 38 14 78 35
12 17 10 15 65 2 75 64 24 22 15 29 81 29 88 39 71 1 96 1 52 53 70 11 76 38 6 13 40 33 80 9 34 16 10 71 61 31 60 2 2 48
33 41 50 86 92 12 12 58 92 16 59 40 22 73 9 20 88 99 96 7 48 37 98 92 55 27 20 45 12 34 39 95 44 58 22 73 43 39 80 94 35
5 3 29 50 75 35 35 30 48 49 52 76 69 80 58 85 10 37 63 25 11 55 5 14 59 53 93 5 77 1 10 53 52 39 12 73 37 74 5 37 87 48
31 73 87 64 49 28 17 89 88 11 23 98 90 67 77 92 6 86 95 33 29 86 4 87 45 16 96 51 84 72 52 8 2 50 25 22 5 33 7 23 54 72
5 24 24 25 88 3 3 98 72 62 55 63 22 36 40 79 47 88 4 75 57 30 7 81 21 86 79 87 42 36 19 78 10 21 14 70 3 13 30 84 28 62
81 59 69 22 13 10 17 74 68 47 32 53 40 36 2 8 2 30 39 75 56 6 20 26 81 45 75 82 9 94 67 7 59 39 94 48 75 64 53 33 12 42
98 90 83 28 81 12 74 26 85 9 49 12 9 53 19 67 19 100 17 33 21 23 47 45 5 35 64 3 36 61 93 42 94 40 33 29 64 30 84 80 86
25 6 12 92 43 8 38 48 100 62 88 51 56 80 59 46 30 91 13 95 7 26 31 9 12 22 15 24 82 48 87 7 64 95 62 37 28 15 12 6 100
56 94 83 89 23 48 44 81 79 99 3 69 84 39 59 54 22 13 54 88 40 47 23 22 60 93 52 89 100 64 29 32 51 22 27 93 38 49 84 58
89 72 30 56 86 8 3 41 85 85 1 41 95 17 71 54 37 34 85 40 91 67 64 7 55 65 58 14 32 88 93 14 17 62 34 89 80 21 90 41 87
61 61 31 50 12 67 68 58 53 20 82 42 12 92 98 80 83 48 71 38 39 92 96 32 87 66 78 31 95 8 15 84 13 90 95 95 56 63 73 62
73 2 52 34 91 72 61 58 4 1 92 51 2 73 53 32 36 34 52 98 29 36 11 40 31 32 37 26 25 82 89 83 24 77 32 17 32 97 62 32 23
86 28 48 27 79 96 58 73 26 36 21 51 43 24 54 25 4 98 53 88 36 87 7 100 79 8 18 28 51 44 32 29 77 37 4 76 79 87 17 89 87
56 49 41 32 83 16 44 4 92 71 100 15 44 43 66 39 74 10 90 42 41 16 14 96 94 47 12 33 90 43 78 11 30 10 43 49 67 20 68 42
24 17 85 17 3 76 13 74 24 36 74 85 9 53 54 6 83 58 20 45 26 99 18 92 88 87 46 64 16 35 61 53 95 45 24 63 17 68 67 94 44
4 89 8 81 8 93 55 16 49 22 14 95 48 78 33 84 48 6 37 80 49 50 25 43 55 84 20 5 8 50 72 4 79 89 57 41 23 78 35 77 6 24 32
24 68 69 94 77 49 65 97 36 22 73 42 94 10 41 89 12 4 23 5 90 45 85 30 84 19 6 14 86 3 90 25 1 93 69 99 54 71 17 100 27
98 40 81 62 86 15 30 61 15 14 20 76 28 86 52 74 72 33 13 55 72 10 19 99 80 60 89 89 18 89 14 83 93 15 96 37 95 35 70 5
91 59 29 13 23 29 30 68 13 19 42 56 48 46 78 50 34 79 82 77 93 49 78 44 79 76 41 17 38 52 38 43 83 17 24 25 27 75 13 62
60 55 83 21 27 17 16 37 73 78 68 5 100 21 73 7 48 25 83 20 43 26 26 24 86 29 33 55 54 32 61 63 64 31 19 26 45 16 51 33
18 40 74 59 60 18 95 59 83 44 6 97 13 62 49 43 78 27 5 45 83 70 25 84 52 61 86 36 20 13 67 93 37 31 20 54 8 95 15 57 86
35 6 19 40 95 4 77 5 83 46 70 91 7 6 4 74 22 4 93 53 42 58 58 85 33 18 58 12 57 54 21 79 14 19 68 1 77 99 70 68 33 18 14
69 14 44 28 36 85 26 22 14 22 10 55 64 67 84 43 13 47 47 98 20 3 58 11 31 96 73 1 84 68 4 89 82 15 2 87 16 84 86 11 82
62 47 17 37 13 7 76 78 36 51 24 15 40 9 12 78 21 83 54 67 65 96 62 9 7 45 82 36 37 98 33 50 5 94 35 91 98 81 31 52 99 78
8 17 78 50 82 87 55 88 19 86 24 14 55 54 1 25 48 81 93 53 18 1 99 3 34 72 47 36 91 2 21 39 22 74 73 84 75 58 70 98 53 24
97 78 67 86 5 45 90 39 63 31 83 51 8 10 97 14 48 43 36 8 12 28 93 42 65 31 70 37 62 15 10 87 27 29 70 96 31 70 95 50 25
100 65 13 61 98 1 30 21 14 58 11 59 18 34 17 77 95 39 94 36 95 90 42 31 34 60 69 28 63 12 5 25 84 90 11 21 84 82 69 58
69 17 43 46 88 48 18 58 37 2 61 91 7 100 21 93 96 57 12 31 70 9 6 88 72 19 79 12 28 98 5 30 5 65 22 62 24 76 11 32 67 87
21 56 47 37 95 81 21 38 41 76 73 13 4 42 78 25 24 2 93 56 67 42 32 74 90 86 95 89 51 31 51 10 2 69 63 44 73 3 100 77 89
44 56 100 74 75 12 30 91 52 100 18 50 18 8 77 87 82 48 44 89 70 32 55 77 60 30 18 68 26 78 83 51 74 84 87 46 38 5 88 6
13 24 5 48 82 48 100 84 71 32 4 51 39 14 90 25 20 33 50 14 27 29 68 76 26 41 30 30 64 17 90 44 2 30 48 80 14 20 92 69 48
47 18 11 96 25 27 19 26 59 25 48 66 63 76 19 100 75 92 7 69 81 31 42 13 14 67 93 9 24 1 15 97 16 57 98 50 66 6 10 8 89
91 10 31 3 43 12 53 65 54 1 49 11 81 99 60 12 72 53 64 53 28 9 30 84 74 48 4 7 95 22 25 99 95 100 17 69 74 48 16 96 27
25 88 45 50 28 18 91 48 2 59 45 75 24 84 31 57 37 64 30 3 88 10 65 37 78 21 61 91 98 77 43 8 100 65 25 16 36 72 36 81 30
61 10 3 39 49 76 61 13 24 86 44 15 48 78 98 20 75 35 95 27 13 19 44 57 37 29 46 59 32 30 87 31 40 94 8 54 44 40 86 56 61
75 47 7 80 3 14 89 27 19 59 90 63 92 28 7 44 60 12 74 100 30 1 98 2 79 87 14 66 95 85 78 11 45 88 13 45 11 96 87 41 38
85 60 67 42 67 94 10 82 33 24 68 28 28 95 68 69 30 10 65 80 6 18 53 36 76 45 48 7 44 29 24 74 31 43 13 60 22 69 66 76 95
10 30 15 28 6 38 94 11 55 64 96 20 22 69 60 21 74 48 7 47 58 65 33 63 34 70 35 68 98 57 12 29 91 8 84 24 83 99 71 36 79
15 71 100 56 13 90 92 84 9 82 33 31 28 42 27 42 37 14 94 71 83 76 51 67 1 67 68 2 61 89 3 1 11 100 9 22 66 53 26 56 95
57 45 20 89 13 77 29 94 74 56 86 68 91 89 15 58 39 89 30 90 11 14 23 55 20 
12
1814 3117
4932 2910
7843 488
8332 390
8722 330
9054 258
9315 52
9367 4
9371 17
9388 6
9394 2
9396 1
