9226
45 97 94 16 55 50 89 63 83 22 55 65 79 29 79 13 50 93 46 88 8 44 54 76 61 83 73 46 78 96 10 6 64 55 38 21 33 64 44 39 1
81 9 35 96 41 82 76 29 50 100 78 87 56 10 25 25 48 7 46 13 16 47 77 98 92 72 19 22 42 74 62 3 71 43 78 18 19 45 7 18 59
42 25 39 2 39 84 63 89 62 78 35 85 29 6 63 95 28 26 87 94 54 9 1 25 25 19 20 51 40 55 72 97 89 92 33 95 52 55 55 64 55
45 59 45 22 61 83 49 6 97 39 26 57 14 7 90 5 22 79 69 43 22 71 48 36 5 53 32 62 16 16 89 92 80 77 5 32 66 65 81 11 89 47
27 16 3 46 19 61 34 90 56 73 38 87 26 87 1 86 67 70 66 52 3 43 19 34 89 68 61 71 95 50 34 90 49 37 23 52 31 76 48 46 98
96 21 52 69 83 27 25 49 81 29 2 22 27 33 62 33 73 58 32 36 75 71 21 76 72 82 90 75 10 88 11 5 94 13 90 93 98 32 13 58 26
45 30 47 21 95 60 8 65 26 4 43 30 9 60 20 11 36 1 81 96 49 67 74 55 5 53 81 14 12 22 22 19 6 56 73 100 76 97 8 26 47 83
85 12 64 2 93 40 81 75 60 25 24 97 85 57 94 57 97 3 7 34 88 70 8 12 16 32 85 40 68 5 47 97 85 12 7 67 91 64 94 62 78 69
84 31 18 26 78 50 54 63 40 74 10 65 36 58 33 17 66 86 91 90 45 11 79 86 27 4 77 87 25 32 95 37 34 93 17 68 27 4 83 48 15
21 43 28 93 66 92 84 99 14 99 68 69 11 12 67 40 33 77 69 8 51 71 51 78 68 74 33 47 51 48 38 10 12 62 53 55 64 4 56 11 25
6 61 4 6 7 18 37 45 45 41 98 45 95 41 68 48 53 73 68 99 2 79 15 30 89 74 38 100 65 49 39 62 9 11 48 44 93 71 67 100 23
76 87 68 19 31 3 60 90 98 25 65 61 13 23 21 86 48 86 14 83 39 2 30 92 31 7 5 41 78 5 67 9 6 96 34 57 47 68 69 36 94 66
27 39 35 25 61 94 27 59 74 83 51 30 72 67 44 87 69 59 4 52 22 8 59 99 81 75 39 62 74 69 6 100 14 30 45 98 99 25 7 62 88
41 12 32 53 58 32 30 89 8 96 44 84 20 43 70 52 13 90 22 68 39 86 65 26 42 60 46 82 19 47 49 64 39 38 55 81 89 13 63 3 59
18 9 10 25 85 59 22 58 65 100 86 15 2 59 88 54 79 84 87 52 64 94 94 79 42 53 27 8 4 11 48 81 35 58 27 27 46 48 29 94 43
64 33 38 53 13 30 22 34 33 6 92 78 76 99 81 51 55 67 3 49 40 17 73 53 72 32 58 62 28 4 66 80 5 40 22 16 39 25 67 85 9 58
67 45 15 93 92 17 56 10 25 68 76 60 67 66 46 68 97 65 11 51 17 64 87 56 28 27 81 70 24 1 47 39 52 45 8 5 24 20 33 60 100
56 29 83 40 42 73 8 42 50 18 37 72 87 44 52 36 54 75 43 38 45 4 63 17 5 77 64 98 29 62 68 78 18 49 36 76 28 57 95 87 54
87 80 14 34 94 33 78 61 62 2 92 25 39 83 84 26 44 60 41 3 34 3 84 66 11 61 49 47 2 22 26 85 20 75 55 16 90 46 65 43 72
53 66 66 94 49 67 80 11 6 6 86 34 32 19 16 47 68 21 66 67 57 49 11 48 50 100 26 23 60 55 77 7 78 57 95 83 9 40 39 56 23
56 11 74 56 45 31 34 67 88 90 84 83 41 8 83 49 80 47 94 75 31 35 34 51 16 92 30 34 52 6 54 29 100 33 82 98 19 13 58 44
33 77 71 64 78 59 33 76 72 19 67 10 28 97 93 98 88 6 44 89 43 78 50 58 92 76 93 71 25 56 57 33 60 62 26 33 88 65 62 43 3
78 21 85 87 46 4 18 80 35 9 41 69 24 46 76 19 20 51 34 47 24 70 81 74 17 22 58 35 6 71 14 58 84 89 5 49 59 43 10 100 81
17 39 94 73 23 81 2 38 62 64 32 19 68 55 14 31 26 18 43 66 86 57 67 78 3 62 8 24 19 24 29 15 43 55 2 92 10 91 59 17 8 36
66 60 18 13 68 71 55 34 28 56 73 92 89 35 58 19 81 61 15 87 38 94 36 27 52 7 66 24 98 1 57 31 67 34 69 86 29 77 29 25 18
54 19 99 93 36 99 77 28 10 31 22 20 73 92 30 86 11 39 71 90 55 47 57 53 38 90 94 17 38 51 91 48 38 40 11 69 39 34 23 21
74 99 47 50 8 38 94 98 92 33 95 35 94 47 81 22 35 46 32 18 72 30 26 80 88 44 30 45 74 82 46 52 42 87 65 60 83 7 75 66 14
96 46 26 2 60 47 63 87 8 14 75 21 82 31 40 94 24 85 76 85 36 57 40 50 79 60 95 59 30 78 8 77 65 75 82 95 40 36 77 16 87
99 93 45 86 41 97 2 26 80 98 82 60 9 23 30 63 20 87 79 96 31 85 4 79 26 67 90 56 16 22 35 94 79 6 2 55 26 55 90 56 71 56
15 61 17 79 1 8 93 50 95 97 25 86 84 57 94 34 66 36 38 23 56 94 2 98 74 57 14 30 91 1 15 81 99 92 58 66 89 81 71 62 56
88 77 57 85 45 37 2 67 19 78 16 83 76 44 87 36 75 46 46 20 89 42 49 86 56 87 18 48 42 30 91 21 39 78 62 42 78 58 48 61
66 65 88 11 1 29 32 45 90 41 55 8 64 74 61 77 95 97 61 95 67 6 28 70 75 40 39 69 93 1 11 45 41 99 13 18 47 81 78 16 21
52 49 42 2 33 13 11 79 52 5 69 84 15 17 7 43 9 47 16 28 10 32 86 63 75 34 74 72 44 75 9 82 75 24 23 44 72 15 92 24 99 23
36 90 41 75 53 1 30 34 76 25 53 6 25 5 26 30 23 35 78 59 80 87 1 47 63 13 44 9 49 87 66 31 70 59 28 65 71 14 94 15 89 90
14 1 68 66 91 3 47 4 11 80 9 40 78 16 46 4 63 51 76 56 78 9 88 41 80 19 1 69 18 76 74 93 33 6 25 11 39 19 100 28 79 69
65 18 7 85 95 59 51 68 23 75 27 52 9 75 57 58 7 3 65 71 29 97 46 8 3 28 18 91 71 81 74 19 79 21 52 80 59 58 98 84 2 39
80 6 7 53 19 50 6 24 93 57 48 95 89 47 79 17 70 63 16 77 21 76 84 37 80 7 22 91 50 48 83 45 74 38 96 11 11 85 89 27 54
67 7 17 62 60 100 97 10 27 23 10 10 56 83 17 20 95 12 75 82 95 40 64 28 75 17 5 31 30 25 25 17 59 72 40 33 91 90 33 80
95 96 6 82 37 96 62 3 40 25 19 37 14 4 1 42 3 90 72 44 90 76 66 81 90 74 41 62 79 93 36 56 63 70 60 86 10 87 19 21 2 88
86 57 84 28 36 38 8 79 66 99 15 84 49 67 80 96 71 34 48 94 3 95 15 42 29 56 88 16 93 4 57 14 31 69 29 15 68 85 95 19 93
62 64 48 51 19 4 51 46 19 42 27 34 73 79 92 59 25 69 32 76 29 37 63 12 69 94 45 11 86 48 7 24 58 90 65 44 8 100 47 2 38
22 55 29 65 74 59 28 78 33 14 16 55 41 54 77 24 66 30 2 47 99 7 71 68 12 29 59 99 75 95 11 35 64 79 15 67 50 13 10 53 15
83 32 16 79 5 36 44 98 2 100 8 20 11 47 74 51 98 5 95 40 36 74 35 7 97 8 68 25 40 59 56 15 45 57 12 77 54 55 40 9 98 23
54 47 71 42 38 30 92 98 12 9 63 53 40 19 72 54 4 72 49 70 85 58 14 18 44 21 54 20 16 91 53 80 36 36 38 2 6 69 69 57 47
44 41 10 64 48 20 91 54 40 71 51 38 71 13 12 3 77 61 9 56 45 12 58 87 98 17 81 100 81 19 39 84 30 85 12 13 95 34 16 95
19 12 87 37 2 43 7 6 30 47 41 32 10 98 74 15 35 36 81 46 5 77 95 66 64 42 95 92 24 60 48 70 18 46 88 20 28 99 38 81 5 95
56 56 47 31 56 79 73 19 73 78 54 32 91 46 88 19 11 70 46 21 8 36 21 78 4 53 97 93 34 95 100 74 35 16 47 71 35 31 70 81
50 27 91 78 56 71 67 61 65 57 29 78 96 16 39 88 74 74 95 77 91 92 79 52 60 48 86 10 52 8 12 35 26 44 20 65 77 98 45 4 35
55 54 57 31 23 10 28 69 34 68 84 21 22 92 81 61 80 85 33 99 90 32 5 94 19 18 69 28 59 49 39 99 63 76 1 42 13 49 37 44 88
16 33 47 6 18 72 68 92 39 15 3 88 82 7 7 47 60 28 6 97 77 20 44 52 27 34 13 76 27 32 68 34 18 92 77 42 1 42 19 72 53 17
49 23 50 97 44 23 51 44 35 8 68 1 98 48 56 76 91 31 22 13 18 79 2 49 25 54 76 59 69 84 70 5 73 70 56 66 53 33 98 4 78 37
77 31 33 98 78 28 37 60 28 16 59 27 57 13 5 25 73 47 43 72 79 1 42 46 88 19 98 100 38 65 44 59 74 41 37 61 22 97 50 75
94 65 22 90 54 95 73 80 46 86 59 25 27 29 53 66 54 92 15 48 53 89 8 31 85 69 31 71 91 20 36 93 81 75 78 67 86 28 7 94 8
43 35 97 62 83 46 35 33 17 21 65 94 86 11 5 23 85 25 51 18 79 77 90 35 55 66 36 16 98 65 68 35 79 17 73 33 97 76 72 43 1
47 83 46 16 25 100 12 50 73 41 37 80 17 1 85 9 99 36 20 59 31 53 96 46 35 33 63 26 36 58 58 70 100 58 43 53 62 37 84 40
46 12 39 6 54 23 55 45 42 39 27 38 66 10 45 100 48 82 72 34 45 20 44 82 30 58 33 51 73 87 91 31 76 14 5 86 69 39 52 70
12 29 20 56 58 83 78 13 40 62 45 54 16 87 83 82 4 67 27 9 66 14 73 70 63 10 82 91 97 5 66 1 87 22 48 71 59 55 61 8 84 91
45 85 85 31 24 1 83 41 29 71 63 16 42 94 40 64 3 9 8 71 48 14 65 22 54 73 4 26 37 74 38 19 45 27 48 43 75 37 21 68 68 98
46 30 89 39 13 100 34 32 83 38 97 1 53 41 46 34 22 57 14 15 56 80 80 93 92 75 68 72 60 96 71 25 24 91 36 97 4 62 54 65
70 25 91 26 67 92 5 92 41 52 67 82 53 100 27 13 22 80 67 83 94 65 50 16 76 12 69 12 76 14 52 11 12 50 44 68 27 49 30 29
44 46 90 81 13 41 25 73 13 62 44 86 33 91 66 68 71 72 30 23 5 68 75 82 22 89 81 44 94 93 6 4 76 31 85 18 8 77 38 33 79
24 98 12 36 66 63 87 57 13 9 55 83 20 20 26 63 51 50 50 47 96 24 34 68 52 21 78 70 94 19 27 17 30 7 94 83 15 27 23 73 95
67 96 75 98 50 20 36 47 19 22 73 66 72 77 54 69 34 17 51 54 43 61 10 14 50 56 39 100 61 28 48 79 76 22 87 82 49 3 85 22
32 83 90 28 23 39 79 53 76 18 60 51 15 86 52 1 78 74 34 6 50 76 6 88 88 20 69 33 86 15 30 100 49 62 21 92 4 4 94 53 71
95 80 92 86 47 88 21 8 52 2 6 24 9 14 23 67 91 68 37 24 65 82 100 94 91 11 47 92 38 85 28 15 50 51 96 32 43 37 98 92 93
74 54 18 18 41 100 93 67 88 59 8 16 49 70 23 10 46 62 58 91 81 63 88 4 97 37 66 86 56 20 35 11 34 31 41 88 43 22 2 4 41
79 25 8 17 79 19 27 11 7 94 98 69 61 6 4 14 78 99 32 97 81 83 80 78 46 16 14 27 50 34 33 83 14 39 73 100 51 56 69 55 64
69 91 79 95 24 32 10 35 24 61 76 72 97 8 46 97 56 56 98 99 40 40 94 74 27 4 83 29 16 45 41 83 19 11 52 93 8 14 34 16 72
30 40 31 60 25 43 94 96 10 100 77 61 7 95 84 20 28 49 41 8 51 93 30 38 13 75 45 76 87 21 73 79 10 41 82 66 77 83 75 16
85 20 6 62 83 57 9 31 5 27 65 24 19 55 87 36 49 62 90 21 87 42 9 18 66 45 62 34 85 36 10 21 47 39 23 81 8 48 43 15 92 25
18 37 37 24 96 93 76 50 10 16 65 43 74 4 73 14 54 19 73 89 21 98 99 16 38 51 65 24 76 16 4 42 99 49 44 90 35 88 89 26 13
31 99 95 83 6 43 77 87 95 45 6 54 8 86 1 51 72 11 53 66 15 9 15 33 85 45 31 70 89 44 31 88 87 63 55 8 87 28 45 21 68 92
59 24 30 58 16 78 8 58 39 67 95 79 84 83 32 16 85 67 85 41 17 27 84 2 1 9 51 64 55 51 27 48 8 90 48 78 9 45 83 78 79 37
53 95 12 79 12 60 86 24 51 61 75 17 49 76 63 71 19 36 87 22 85 63 42 74 91 94 97 39 61 43 56 58 12 80 60 25 64 71 90 92
60 98 66 31 68 80 56 36 98 47 36 21 68 89 88 99 70 87 56 22 66 4 33 4 92 98 56 2 15 83 79 83 54 59 22 100 92 19 68 57 45
46 11 60 97 88 58 80 14 71 70 42 89 78 84 45 94 86 43 69 91 37 10 40 92 93 94 1 8 33 51 26 79 19 4 89 80 74 32 19 90 81
18 40 88 61 57 48 66 99 6 95 26 85 96 37 32 14 87 97 10 74 5 27 68 96 70 17 100 9 74 67 51 50 69 23 69 97 82 100 42 77
81 40 29 98 92 33 94 21 33 97 16 62 38 68 25 49 82 99 43 74 76 36 95 72 78 92 61 85 28 59 32 92 43 31 64 78 81 16 78 78
87 100 39 68 39 2 78 64 47 16 28 80 2 70 57 70 18 91 29 43 84 32 60 13 77 80 64 15 45 54 97 14 90 67 64 29 55 43 53 23
51 67 10 70 89 33 18 36 77 47 19 89 37 3 5 79 79 84 51 50 100 23 47 76 74 45 9 97 69 96 28 37 56 66 27 51 8 41 84 38 47
9 56 44 51 12 7 78 84 83 37 74 44 95 22 100 2 43 63 68 23 42 95 98 34 33 13 80 43 66 51 81 7 52 16 19 62 50 71 6 33 96
92 5 7 74 17 86 63 52 2 42 9 51 45 83 50 61 9 65 14 36 30 44 22 77 35 32 90 11 64 40 57 8 67 29 27 8 41 55 65 69 13 62
93 76 18 15 84 9 95 73 21 51 93 88 75 55 32 49 16 70 42 43 62 54 18 75 46 69 60 30 59 70 30 45 64 30 75 2 100 38 60 70
93 47 61 15 3 90 81 31 70 15 2 20 69 75 64 67 31 17 18 67 14 14 100 83 15 19 71 61 49 4 98 86 84 92 89 51 90 88 57 13 50
54 64 89 61 94 42 40 2 8 53 83 9 85 22 23 37 33 67 66 84 6 1 42 52 50 45 51 95 91 43 53 19 19 30 68 40 64 69 92 11 54 48
85 30 32 18 47 14 30 86 59 92 48 63 46 28 49 98 56 95 15 57 73 25 58 31 32 75 12 75 57 55 23 52 69 90 51 22 13 26 24 52
8 91 32 83 77 96 69 88 25 18 61 73 18 68 19 88 62 81 35 5 52 45 92 67 47 96 41 3 34 89 81 90 23 62 87 92 20 40 59 13 30
75 28 84 76 44 15 19 33 20 76 99 4 64 31 33 60 98 19 5 46 12 7 43 62 76 31 72 24 88 53 92 23 95 41 2 71 62 40 11 13 45
100 33 47 34 53 81 3 77 24 24 52 1 49 95 52 55 96 85 62 29 4 50 53 66 32 87 86 48 7 81 46 67 15 75 47 58 86 43 44 13 33
48 38 26 82 91 54 44 97 65 9 77 60 73 23 99 48 83 27 96 100 8 89 48 20 29 45 33 19 35 24 1 17 89 42 58 20 31 19 58 83 62
36 50 18 96 85 35 9 70 88 13 91 53 92 41 15 78 45 85 10 71 54 50 97 71 77 9 54 18 59 86 5 49 6 51 12 44 75 54 24 84 9 39
61 51 38 41 93 16 2 23 69 24 42 63 92 62 18 23 64 48 86 76 32 78 44 20 36 72 98 75 81 88 28 27 52 26 100 85 78 30 50 72
66 16 48 57 87 77 39 17 58 85 48 27 68 49 65 82 52 1 37 67 31 68 23 43 17 15 36 61 41 15 55 63 6 90 1 84 73 2 98 25 99
86 26 61 87 82 63 11 18 54 76 50 50 90 99 25 53 25 49 28 39 16 34 12 18 31 72 3 3 35 4 45 89 7 51 95 68 57 68 97 72 87
36 55 60 63 24 8 22 9 51 80 63 9 67 51 24 98 49 39 37 42 65 96 99 11 64 8 17 93 57 86 76 65 28 67 86 28 6 19 65 50 39 22
54 90 9 97 30 75 16 28 97 33 48 58 61 54 8 42 30 52 38 8 4 51 80 94 19 51 8 92 59 84 47 65 95 8 53 32 19 71 26 42 10 61
15 95 91 36 55 61 24 88 39 78 66 18 12 99 40 81 20 23 94 92 66 43 99 20 96 14 42 86 46 68 50 74 80 91 53 70 9 39 47 63
59 5 60 85 45 75 8 26 8 22 24 34 85 24 1 89 95 45 9 34 37 42 38 44 12 34 23 52 66 42 30 59 48 51 52 80 66 73 52 86 76 7
71 96 58 46 70 10 97 23 7 38 45 26 81 31 58 9 53 69 79 18 57 57 16 9 5 16 63 26 31 5 58 72 41 88 44 79 41 99 84 12 87 67
48 94 15 14 52 75 95 17 83 13 70 21 96 36 19 48 69 30 3 34 4 79 21 46 19 87 11 71 54 26 79 47 5 82 45 51 8 76 21 73 87
93 50 31 87 43 77 5 79 57 100 59 68 43 66 29 99 36 100 8 73 46 66 85 49 20 79 25 87 20 100 4 9 42 39 39 74 90 53 34 33
86 83 34 92 96 78 1 5 20 43 76 97 53 36 26 55 86 72 87 57 43 58 74 51 30 77 17 62 5 74 76 15 30 72 1 12 75 68 67 80 39
76 36 88 74 48 17 27 60 5 18 18 42 76 32 45 47 27 21 61 44 92 61 2 56 30 34 42 98 15 66 93 30 16 4 20 68 36 35 77 72 77
79 81 95 50 9 37 45 26 6 55 72 11 32 5 49 21 42 72 91 65 74 54 57 31 40 6 65 55 7 34 64 29 100 99 52 33 30 17 21 30 62
10 40 75 30 12 1 62 50 27 41 49 100 13 4 60 12 58 37 21 17 57 56 89 54 64 8 7 98 24 43 9 83 4 91 68 13 88 12 5 56 11 100
27 43 17 74 59 60 96 34 10 58 54 54 31 1 100 47 21 90 30 15 58 71 34 3 62 93 11 77 53 12 100 76 83 4 7 96 13 12 31 98 90
41 21 16 30 97 70 21 84 29 28 92 55 68 56 7 29 93 7 45 23 4 33 5 89 46 62 90 14 32 65 91 1 71 47 46 68 98 36 6 82 7 29
31 80 79 18 52 69 33 8 47 34 39 83 87 40 62 42 23 5 19 64 3 31 43 63 93 69 67 28 75 40 85 61 92 30 20 83 88 18 42 80 8
87 77 86 79 34 55 31 44 47 7 72 17 92 17 69 49 26 42 59 66 47 10 9 74 1 47 28 5 8 75 5 68 81 37 58 60 94 49 26 52 95 94
39 69 80 2 22 30 23 85 20 57 49 98 7 14 60 20 5 21 39 24 87 46 13 53 50 5 76 37 14 36 54 90 63 95 48 89 69 99 3 50 5 91
4 78 13 87 35 51 50 50 47 86 24 67 18 55 68 36 61 50 59 12 88 25 89 44 6 63 58 77 90 91 56 8 15 6 19 54 11 87 78 11 100
69 98 15 29 4 54 73 7 56 29 72 3 40 49 11 31 7 65 32 66 73 14 68 85 48 79 63 8 10 71 44 27 55 16 9 61 13 45 6 7 44 21 27
54 95 95 87 63 25 19 59 28 97 79 48 16 79 63 54 97 38 87 6 82 47 38 14 27 84 48 45 21 30 38 70 55 30 10 50 51 34 23 3 10
45 10 62 2 92 38 10 47 49 87 95 38 30 61 54 99 74 33 100 69 96 96 36 14 29 32 47 97 45 97 59 52 66 60 60 97 89 97 56 85
37 58 69 75 18 60 28 96 11 46 77 87 9 12 22 96 64 63 79 34 75 10 20 5 31 38 21 4 18 51 39 64 51 22 35 74 62 7 77 66 66
36 91 95 14 89 56 81 98 48 24 15 3 12 2 50 54 93 89 39 37 88 12 75 19 85 77 85 31 58 93 54 21 67 18 86 65 11 82 8 73 34
71 42 54 38 57 7 58 60 20 89 9 32 51 79 97 12 35 82 76 42 27 44 7 70 14 78 70 19 83 21 39 46 81 28 26 41 80 46 50 46 43
20 31 11 75 79 17 63 25 39 2 26 12 59 39 3 92 16 39 87 91 9 54 1 61 26 90 55 99 98 88 34 40 43 57 50 57 64 39 33 99 26
32 99 64 67 7 36 6 69 31 13 64 76 32 77 71 86 83 31 48 1 50 93 25 66 31 96 69 34 67 79 86 69 22 7 46 62 57 46 74 51 7 81
100 9 86 38 91 70 99 57 81 19 14 35 29 25 75 42 31 100 21 22 61 30 73 68 79 37 78 96 39 100 49 81 40 97 84 46 70 48 86
53 23 89 22 43 68 36 68 55 2 42 56 91 56 35 36 5 99 39 63 16 65 26 9 91 79 75 58 35 38 58 51 4 9 79 63 43 58 75 3 79 58
93 66 25 43 14 72 23 21 13 58 20 84 15 30 30 38 84 52 82 93 47 46 93 56 80 45 37 23 90 10 90 21 69 49 31 26 93 8 76 38
78 8 69 21 65 24 18 89 95 38 75 1 58 40 56 28 68 68 98 64 81 49 56 17 57 82 48 29 54 84 94 89 48 37 39 74 10 39 52 31 5
44 78 40 25 16 74 72 44 64 57 27 12 51 10 50 61 65 1 57 44 69 13 60 27 64 9 13 40 41 43 33 98 94 14 86 3 15 22 69 88 53
64 26 3 12 87 50 2 83 30 5 47 39 35 36 4 59 69 41 1 43 35 67 12 99 24 41 88 16 24 95 99 98 45 68 94 4 16 15 60 30 70 32
14 32 54 68 62 1 5 30 39 99 93 12 14 33 44 74 51 87 61 33 42 65 13 29 81 61 15 13 98 42 59 100 43 2 77 74 62 89 34 8 84
96 16 97 74 46 74 34 54 41 79 68 48 16 96 29 88 16 18 58 53 77 35 1 41 97 96 87 60 36 36 67 31 87 12 78 32 91 98 83 4 65
8 20 46 89 58 21 16 23 85 83 80 10 31 13 48 100 44 66 15 15 18 92 80 55 9 30 21 84 11 15 81 31 20 64 3 78 42 75 11 85 30
79 52 77 90 57 76 31 84 1 87 24 85 50 62 8 84 30 97 9 30 13 77 8 53 37 28 16 5 5 10 91 23 32 48 41 86 14 9 66 4 9 5 52 9
32 15 43 48 81 59 70 31 66 4 40 97 23 44 23 71 70 26 48 87 99 29 4 17 51 95 27 41 89 49 83 62 92 62 48 33 93 16 87 53 24
90 77 47 1 80 75 76 10 33 89 50 100 87 76 48 100 9 15 6 79 34 29 32 9 39 33 75 63 35 36 38 61 23 78 4 40 11 100 91 45 68
32 21 58 69 50 31 57 74 40 35 52 9 66 10 8 46 32 83 30 44 89 40 63 31 8 95 20 30 18 30 63 68 92 19 42 91 2 26 82 31 89
100 63 77 98 22 51 47 93 72 56 25 85 4 28 22 65 20 68 49 24 75 85 7 6 8 43 26 16 92 55 25 15 90 9 7 8 9 36 2 47 23 2 31
22 86 67 60 45 35 81 59 84 6 98 63 85 53 95 73 56 34 53 52 45 52 22 74 10 10 77 51 42 14 64 29 50 81 84 37 94 52 47 24
77 41 25 94 14 64 40 54 98 24 19 100 16 62 65 3 70 68 24 74 83 31 53 52 19 39 63 45 39 76 41 5 22 27 28 6 47 27 34 94 18
18 57 61 26 40 87 17 94 98 28 91 21 77 14 75 3 46 5 88 61 18 72 38 48 31 62 41 47 22 14 83 52 7 71 95 18 99 68 21 64 89
89 66 89 37 50 48 35 35 52 46 50 87 99 6 60 58 96 97 87 63 68 13 79 5 77 14 30 46 15 10 9 61 48 27 70 78 50 99 35 30 6
80 50 2 47 18 56 59 20 64 50 92 44 87 5 74 55 43 14 22 5 25 73 94 67 54 76 60 34 29 15 50 66 28 76 51 12 29 5 96 20 96
57 88 69 82 12 95 34 76 94 21 94 90 52 31 12 23 28 35 94 73 59 44 24 59 88 62 86 64 63 71 42 16 35 80 83 21 1 63 12 74
27 61 41 84 46 1 50 18 49 40 93 36 11 60 48 14 79 99 88 34 2 1 68 24 96 15 96 77 65 36 99 62 53 53 79 3 23 48 5 68 92 1
63 50 50 30 27 39 12 63 75 60 21 70 89 59 37 5 6 17 34 52 70 94 50 82 32 60 51 92 61 75 44 17 82 30 66 78 31 23 35 85 34
33 94 54 30 27 93 62 50 66 65 56 13 84 88 14 31 59 73 57 26 32 21 1 68 25 73 11 18 27 89 70 66 42 68 36 37 91 21 6 55 59
62 40 5 26 31 19 93 67 35 10 69 32 28 71 22 6 73 30 27 57 93 76 15 74 66 62 4 15 92 70 70 61 73 47 28 85 18 49 22 25 35
80 72 65 92 74 91 5 56 71 74 83 68 89 13 90 90 98 61 67 10 33 7 35 21 91 8 46 77 94 37 76 15 39 89 52 10 30 56 32 19 14
43 55 45 73 83 78 74 5 62 47 80 96 13 70 72 26 3 64 13 92 35 8 45 51 35 74 25 96 21 96 86 74 74 15 17 42 21 69 43 10 22
11 61 22 93 2 25 49 7 70 85 70 64 99 98 43 18 81 73 46 57 24 25 61 100 58 6 22 9 43 13 2 9 38 22 39 23 62 47 95 63 10 14
37 67 30 58 48 10 51 43 47 49 97 12 25 16 67 47 36 77 93 100 58 47 70 26 59 2 2 79 62 71 98 55 48 25 68 9 62 12 82 58 68
13 10 75 63 65 84 17 4 90 71 76 87 57 79 17 82 51 4 38 28 80 76 36 31 93 79 83 65 6 24 51 55 36 52 10 10 9 87 91 7 75 52
37 56 10 47 40 93 10 61 26 62 56 35 94 42 93 91 32 77 94 95 61 39 67 90 8 60 95 30 98 28 97 80 47 12 25 7 11 83 74 51 56
8 49 34 93 13 91 49 84 65 87 5 8 96 22 86 15 39 72 84 88 75 56 85 61 82 36 19 20 21 64 26 80 69 26 3 15 45 95 20 54 34
17 45 5 54 24 12 41 88 50 61 16 84 71 60 81 23 86 11 33 85 56 97 14 31 95 13 78 85 38 33 80 20 8 74 79 2 26 21 16 95 59
37 35 48 67 88 69 7 100 7 30 61 93 85 42 52 28 96 62 46 60 16 100 27 28 66 55 83 64 21 34 55 5 31 32 22 36 66 67 53 36
75 82 41 44 5 51 25 33 40 26 26 1 92 75 2 78 52 32 94 37 39 52 17 66 13 8 11 81 73 1 31 12 68 89 83 5 86 11 46 99 17 34
55 28 97 90 7 24 100 67 89 22 43 26 50 41 18 82 81 15 94 52 83 66 56 28 45 95 71 53 82 88 98 14 41 73 48 95 40 24 45 19
10 71 78 88 27 95 54 82 6 26 36 24 58 36 80 22 46 39 29 76 38 50 45 80 50 18 81 95 86 37 89 32 88 79 72 86 47 42 53 89
85 89 53 9 44 69 49 31 30 53 31 49 42 32 93 89 44 25 95 70 32 79 11 47 68 99 12 40 21 83 71 26 43 73 49 7 8 9 77 48 2 20
62 61 78 2 10 7 82 67 7 76 12 6 95 87 49 70 31 26 44 91 32 90 6 17 9 42 51 69 45 25 89 49 10 50 6 37 88 57 88 67 72 56
40 63 73 28 15 38 24 67 29 85 12 4 56 55 48 90 54 19 94 44 63 91 42 21 69 3 80 40 91 22 7 16 61 44 25 47 58 96 16 13 36
5 79 16 25 25 91 90 46 61 78 95 25 100 42 30 44 26 44 27 70 36 35 59 67 7 3 91 63 31 14 74 92 31 21 35 35 67 58 24 18 18
27 66 81 57 11 25 59 28 9 15 33 100 89 32 33 83 15 93 13 57 7 24 86 7 23 88 20 54 52 86 96 22 91 100 57 37 1 85 34 15 79
74 33 23 64 52 24 8 21 92 24 79 50 37 35 42 83 80 63 14 46 66 78 61 60 81 89 22 31 32 65 82 6 55 32 61 1 80 65 70 93 65
52 41 16 26 69 30 38 22 69 31 3 6 62 11 69 70 7 85 38 89 95 77 30 20 4 90 11 98 93 17 47 99 10 46 44 71 12 1 64 18 72 44
71 47 92 96 53 70 49 61 89 91 73 17 4 93 25 41 31 87 59 34 31 30 73 74 83 44 62 70 49 5 98 26 4 93 70 21 26 2 10 7 97 24
47 8 46 6 61 70 73 31 65 84 29 35 93 7 81 81 21 93 78 62 99 4 35 44 86 89 83 89 75 3 49 94 52 56 97 28 86 95 92 50 61 6
82 13 47 51 5 90 74 54 97 26 5 59 15 76 61 92 71 35 39 61 74 22 26 32 74 7 55 10 20 48 21 6 68 45 38 87 67 14 21 62 99
16 74 67 25 21 91 74 60 33 58 56 35 44 75 100 95 57 53 63 54 73 17 12 56 26 98 98 84 87 5 83 17 25 97 84 12 38 40 39 13
18 40 17 53 12 64 68 13 85 99 44 50 84 47 6 66 96 32 77 88 23 56 75 53 3 50 49 53 69 7 11 2 79 9 11 11 50 57 20 37 76 73
86 47 47 37 65 39 24 54 24 10 76 52 17 73 41 26 55 75 40 86 99 94 71 74 47 94 34 81 80 89 64 11 12 82 16 56 62 89 81 90
54 83 52 18 89 15 8 16 65 32 81 79 13 67 26 10 65 89 56 98 77 55 68 6 88 30 16 64 40 94 12 48 73 66 72 46 87 25 51 12 8
64 22 34 31 40 5 38 64 45 15 86 14 85 13 80 15 40 60 9 47 28 96 66 22 24 24 35 51 13 23 47 28 76 16 21 72 53 19 33 85 82
57 46 7 25 46 88 81 55 82 63 39 36 81 34 88 84 96 18 70 29 38 100 40 40 51 70 24 2 29 23 80 55 16 49 16 82 56 95 97 20
55 61 88 91 56 79 49 11 44 51 99 56 71 43 65 67 99 74 16 11 54 64 60 32 26 73 57 11 6 71 60 66 43 20 30 87 88 81 93 92
48 86 65 25 91 100 7 65 100 77 42 32 42 8 22 6 73 76 50 14 25 15 82 98 90 72 38 42 62 5 86 40 72 63 18 10 77 60 58 11 6
3 8 65 74 52 34 93 78 7 96 30 39 11 42 95 16 60 3 11 61 58 38 26 63 81 89 74 18 82 45 45 69 52 49 62 5 11 27 4 13 6 42
46 31 88 77 78 8 22 100 61 30 16 89 63 47 2 27 56 9 22 72 42 36 31 76 52 64 54 34 92 86 33 75 20 34 64 82 78 12 16 79 82
55 36 93 67 70 7 94 14 62 36 85 63 37 81 68 93 18 87 71 40 85 7 17 95 58 94 42 20 2 39 28 69 39 9 4 76 34 55 60 95 30 25
26 59 35 62 2 62 60 56 45 25 22 49 20 87 83 75 33 76 36 10 85 17 39 71 74 13 21 97 27 71 36 88 91 83 61 37 55 51 8 57 37
54 97 51 26 76 64 85 11 13 4 3 31 96 41 14 61 20 72 24 21 10 12 69 2 86 76 84 52 60 73 100 39 92 41 93 52 98 77 83 51 67
71 72 91 61 73 75 18 6 11 93 17 92 67 85 73 73 100 29 11 58 40 95 30 62 12 90 3 12 31 9 34 23 1 86 44 100 74 45 36 78 98
16 56 69 73 3 76 99 73 77 2 59 72 25 87 29 100 31 18 100 93 79 55 1 67 81 14 36 68 12 29 20 97 41 24 33 61 43 28 77 43
64 40 4 78 18 10 60 75 48 13 53 99 66 35 56 50 33 5 51 44 48 82 9 72 35 62 8 95 13 17 63 78 33 54 94 36 23 66 12 15 45
40 91 90 13 34 49 45 1 73 60 89 58 71 65 43 27 87 10 15 54 79 11 54 73 38 51 13 7 40 65 73 26 47 54 1 65 67 15 23 86 98
67 24 61 3 23 21 89 94 91 98 49 37 68 67 92 69 29 58 2 83 62 61 58 2 3 97 52 19 99 60 16 25 20 91 22 99 56 52 61 11 23
60 58 56 64 76 66 16 22 58 69 88 95 35 18 82 68 61 52 50 96 35 35 21 43 57 87 6 79 42 7 6 42 44 46 12 4 71 39 18 72 18
14 75 21 47 42 46 10 26 16 60 23 34 83 46 64 52 14 30 21 44 82 83 24 46 72 52 15 6 18 35 33 49 23 4 48 33 90 54 53 51 97
52 23 75 67 92 87 28 90 12 49 71 31 23 17 14 68 9 25 27 5 87 87 27 100 46 99 93 66 62 41 16 18 86 49 87 32 31 48 69 8 83
28 65 62 28 13 57 90 26 63 64 89 26 12 65 55 38 34 86 73 98 46 74 31 48 8 11 82 83 99 96 39 85 82 59 99 8 13 55 3 37 37
46 49 57 94 62 38 87 7 30 40 26 97 100 68 48 57 57 60 57 56 37 87 91 42 85 1 14 95 39 90 79 70 1 8 70 100 51 72 54 95 3
15 43 40 94 78 34 72 38 32 75 16 38 20 52 88 71 14 62 16 73 35 43 43 77 41 27 53 35 66 55 81 10 18 15 92 13 52 52 64 42
52 11 73 50 15 9 81 84 44 20 33 14 3 51 11 94 5 91 99 14 23 26 18 56 52 28 74 37 58 100 73 52 65 48 64 98 70 66 41 82 55
69 32 1 17 88 55 8 52 22 37 9 55 6 45 19 34 5 12 76 92 34 60 50 83 30 73 64 68 3 11 32 49 27 90 94 49 57 42 70 22 100 94
71 82 3 7 92 84 18 47 1 39 28 9 99 69 62 97 23 58 59 79 1 12 60 12 82 59 76 21 50 66 93 48 88 52 99 15 63 30 23 12 37 10
24 7 74 41 90 26 32 78 74 14 31 38 3 64 84 84 58 31 34 17 78 26 77 58 56 39 35 20 97 33 34 29 38 15 45 53 32 49 31 83 18
32 96 32 48 60 97 87 90 49 12 7 54 8 18 83 11 79 66 5 75 100 76 13 19 8 10 38 82 55 74 93 37 64 33 89 67 38 100 52 82 47
70 56 80 42 90 40 11 12 35 26 12 63 69 85 3 35 10 19 26 66 55 41 16 3 38 32 52 84 78 48 11 72 25 12 94 52 33 24 5 74 69
75 54 76 24 77 54 27 50 54 27 20 46 93 18 16 71 52 64 100 54 13 60 64 33 42 52 46 68 27 9 16 26 100 40 66 22 89 83 13 28
65 70 31 13 4 64 64 56 54 18 72 68 89 74 36 19 87 48 92 90 17 30 50 16 48 6 28 93 70 87 24 89 37 73 1 35 75 90 58 25 30
85 75 49 68 29 80 84 19 11 18 75 10 77 61 57 44 57 28 49 95 10 25 80 82 66 8 17 52 23 63 54 64 15 76 52 60 56 95 35 62
38 44 4 75 66 61 67 8 71 97 76 92 83 23 35 16 35 50 9 38 64 82 38 7 27 1 93 15 40 94 7 99 36 38 48 71 64 69 31 64 18 10
81 6 39 43 97 26 74 5 51 73 21 48 35 84 26 57 85 96 17 28 32 64 57 56 88 27 36 66 57 20 57 49 85 40 93 52 90 69 66 59 78
49 97 1 19 11 90 100 15 100 38 93 13 71 13 38 19 45 74 87 5 63 76 85 2 6 66 3 65 45 59 95 78 83 41 100 4 60 29 45 60 42
52 99 8 1 48 65 65 91 81 88 3 22 15 66 84 8 6 88 91 70 82 88 68 66 49 45 12 22 57 30 95 38 39 19 39 53 14 99 63 85 86 47
6 21 18 20 50 71 9 42 45 35 45 40 39 43 20 77 64 75 52 14 13 32 66 12 43 53 4 1 49 93 61 90 16 72 82 94 16 42 50 81 13
78 42 46 59 4 23 20 96 49 17 73 69 97 94 71 24 99 21 19 45 1 21 49 99 62 61 90 31 61 90 30 64 77 79 50 69 3 61 29 36 33
85 59 55 72 3 35 51 44 73 14 17 68 35 57 89 17 41 7 94 5 16 69 30 8 54 48 92 96 4 9 16 62 70 20 28 1 84 42 30 3 4 48 45
14 62 5 48 7 69 97 89 20 45 93 55 73 23 75 41 49 54 7 36 58 61 56 3 44 82 32 85 98 34 10 68 56 96 50 45 96 33 80 53 57 1
79 51 2 44 81 27 84 3 7 59 11 75 75 97 74 9 6 94 31 95 73 30 53 74 43 85 70 66 52 97 33 83 18 22 17 38 41 95 68 4 59 71
90 91 53 45 78 64 68 68 83 84 51 72 21 79 73 38 3 90 29 26 54 89 59 51 16 14 75 20 53 89 60 67 19 33 22 15 24 68 81 83
14 91 78 97 37 81 28 1 77 38 64 51 2 20 49 4 35 46 23 6 20 98 69 42 73 65 62 96 17 12 61 22 60 26 60 54 79 13 35 77 58
23 59 65 40 19 13 83 68 96 97 6 4 58 71 25 22 59 49 79 20 10 29 7 48 36 59 29 5 11 87 56 98 68 47 39 33 12 66 66 57 3 41
3 81 90 73 9 20 76 28 25 65 75 57 80 75 41 49 21 47 66 95 61 39 37 24 45 31 3 5 39 7 48 3 58 99 77 9 64 52 34 97 5 84 94
4 54 65 61 4 60 67 63 59 36 35 54 94 8 33 14 6 47 66 21 23 45 43 96 19 23 69 83 81 99 82 29 71 41 58 49 59 62 79 57 56
16 87 88 14 59 31 19 75 22 78 59 94 99 20 43 88 18 89 62 56 52 62 17 81 41 98 35 89 47 58 57 46 26 83 29 6 98 26 42 75 8
94 63 70 18 70 22 7 65 86 59 51 36 8 38 26 42 28 1 96 8 97 35 84 15 63 63 75 38 89 41 56 53 15 88 4 18 38 40 57 43 29 82
80 93 29 95 60 4 33 86 75 25 71 94 31 61 86 53 82 7 68 50 34 69 53 58 40 91 83 2 90 58 86 92 80 61 83 13 72 55 9 70 5 56
16 20 26 33 69 31 73 39 31 9 66 8 96 37 31 70 41 23 57 65 5 19 76 80 33 23 89 31 12 29 80 48 76 22 10 11 76 49 29 33 95
20 40 33 56 13 99 43 89 76 23 75 65 97 66 45 36 50 1 75 85 20 39 50 83 43 51 47 39 91 3 78 59 53 67 38 88 11 41 73 85 17
27 65 71 13 28 36 90 26 92 81 85 1 10 12 82 69 83 9 14 37 81 8 12 16 56 85 65 97 70 32 87 97 37 24 95 43 48 86 42 78 83
91 16 66 93 34 80 25 93 13 80 92 5 87 100 67 66 52 39 29 84 16 91 5 91 98 17 35 64 82 36 87 53 42 10 70 100 87 90 86 15
70 82 27 29 37 9 3 66 53 98 86 56 46 31 81 30 84 80 93 30 60 32 97 71 63 79 17 51 7 95 93 73 38 92 14 15 89 74 7 47 1 61
100 19 90 73 64 89 62 26 54 64 73 55 40 77 24 66 47 14 94 15 58 96 83 74 89 14 92 84 65 62 24 94 15 83 15 4 87 5 20 37 9
92 100 72 67 6 46 56 72 53 45 42 68 12 43 79 56 61 20 77 10 10 86 23 52 54 77 68 26 37 86 42 25 92 90 55 58 6 85 33 69
72 28 72 72 28 60 96 67 86 25 31 2 92 39 88 49 78 21 6 48 26 92 4 60 31 2 53 23 83 52 5 28 15 46 10 22 77 51 49 95 68 77
26 56 71 71 15 48 41 42 77 30 87 81 21 29 37 53 21 76 98 57 35 87 70 55 75 49 62 4 34 27 18 39 32 81 4 30 30 20 38 36 1
76 54 83 63 5 49 34 91 25 53 15 21 1 65 60 
11
2516 4450
6967 1675
8642 177
8819 281
9100 67
9167 47
9214 4
9218 6
9224 1
9225 1
9226 1
